a_rightS = np.array([0.5810, -0.7586, 0.2255, -0.1357, -0.3420, 0.5257, 
0.8386, -1.1586, 0.5107, 0.0258, -0.5987, 0.7636, 
0.4712, -0.9649, 0.5038, 0.3448, -1.4804, 1.1457, 
-0.1613, 0.1578, 0.0940, 0.4418, -0.7439, 0.3927, 
-0.2851, -0.0921, 0.2893, 0.3543, -0.4388, -0.0034, 
-0.1357, -0.3421, 0.5258, 0.5810, -0.7586, 0.2255])

a_leftS = np.array([-0.1357, -0.3420, 0.5257, 0.5810, -0.7586, 0.2255, 
0.0258, -0.5987, 0.7636, 0.8386, -1.1586, 0.5107, 
0.3448, -1.4804, 1.1457, 0.4712, -0.9649, 0.5038, 
0.4418, -0.7439, 0.3927, -0.1613, 0.1578, 0.0940])

p = np.array([0.5000, 0.0000])

position = np.array([[-0.2169, 0.8749, 0.0480, 0.5810, -0.7586, 0.2255, -0.1357],-0.3420],0.5257],
[-0.1941, 0.8619, 0.0763, 0.6303, -0.8433, 0.2894, -0.0919],-0.4190],0.5872],
[-0.1726, 0.8532, 0.0923, 0.6511, -0.8971, 0.3383, -0.0428],-0.5126],0.6477],
[-0.1522, 0.8500, 0.0994, 0.6467, -0.9199, 0.3726, 0.0091],-0.6098],0.7001],
[-0.1322, 0.8523, 0.1000, 0.6203, -0.9134, 0.3931, 0.0618],-0.7017],0.7399],
[-0.1121, 0.8596, 0.0962, 0.5753, -0.8805, 0.4014, 0.1135],-0.7808],0.7635],
[-0.0915, 0.8705, 0.0895, 0.5154, -0.8252, 0.3993, 0.1628],-0.8429],0.7695],
[-0.0702, 0.8833, 0.0809, 0.4441, -0.7523, 0.3891, 0.2087],-0.8849],0.7571],
[-0.0479, 0.8963, 0.0712, 0.3650, -0.6670, 0.3733, 0.2503],-0.9063],0.7273],
[-0.0249, 0.9080, 0.0610, 0.2815, -0.5750, 0.3545, 0.2871],-0.9078],0.6817],
[-0.0013, 0.9173, 0.0505, 0.1972, -0.4820, 0.3353, 0.3191],-0.8917],0.6230],
[0.0226, 0.9236, 0.0400, 0.1153, -0.3937, 0.3183, 0.3465],-0.8611],0.5546],
[0.0466, 0.9268, 0.0297, 0.0387, -0.3150, 0.3060, 0.3697],-0.8204],0.4804],
[0.0703, 0.9271, 0.0199, -0.0298, -0.2507, 0.3004, 0.3897],-0.7746],0.4048],
[0.0938, 0.9250, 0.0112, -0.0878, -0.2043, 0.3033, 0.4077],-0.7289],0.3324],
[0.1170, 0.9210, 0.0042, -0.1332, -0.1786, 0.3160, 0.4250],-0.6890],0.2681],
[0.1401, 0.9154, 0.0000, -0.1646, -0.1745, 0.3392, 0.4438],-0.6604],0.2167],
[0.1631, 0.9083, 0.0000, -0.1808, -0.1922, 0.3730, 0.4660],-0.6486],0.1827],
[0.1862, 0.8994, 0.0063, -0.1812, -0.2290, 0.4165, 0.4943],-0.6584],0.1703],
[0.2094, 0.8883, 0.0212, -0.1659, -0.2813, 0.4684, 0.5316],-0.6940],0.1836],
[0.2331, 0.8749, 0.0480, -0.1357, -0.3420, 0.5257, 0.5810],-0.7586],0.2255],
])

velocity = np.array([[0.9447, -0.5814, 1.4274, 2.5758, -4.0000, 2.8516, 1.6155],-2.5669],2.3789],
[0.8828, -0.4446, 0.8628, 1.3818, -2.7755, 2.2565, 1.8755],-3.5020],2.4893],
[0.8343, -0.2429, 0.4427, 0.3069, -1.5232, 1.6590, 2.0343],-3.8866],2.2950],
[0.8053, -0.0159, 0.1381, -0.6396, -0.3096, 1.0873, 2.1044],-3.8374],1.8712],
[0.7977, 0.1998, -0.0751, -1.4508, 0.8116, 0.5641, 2.0985],-3.4586],1.2850],
[0.8102, 0.3729, -0.2191, -2.1214, 1.7926, 0.1097, 2.0293],-2.8481],0.5997],
[0.8375, 0.4854, -0.3117, -2.6490, 2.5986, -0.2613, 1.9097],-2.0917],-0.1297],
[0.8723, 0.5274, -0.3684, -3.0326, 3.2009, -0.5368, 1.7525],-1.2691],-0.8518],
[0.9071, 0.5039, -0.4005, -3.2739, 3.5836, -0.7101, 1.5706],-0.4475],-1.5236],
[0.9349, 0.4263, -0.4167, -3.3763, 3.7369, -0.7774, 1.3772],0.3120],-2.1058],
[0.9523, 0.3141, -0.4218, -3.3457, 3.6638, -0.7399, 1.1851],0.9604],-2.5673],
[0.9579, 0.1883, -0.4180, -3.1897, 3.3736, -0.6019, 1.0077],1.4551],-2.8808],
[0.9541, 0.0663, -0.4034, -2.9187, 2.8880, -0.3727, 0.8580],1.7657],-3.0270],
[0.9448, -0.0386, -0.3737, -2.5444, 2.2353, -0.0646, 0.7494],1.8679],-2.9909],
[0.9341, -0.1238, -0.3202, -2.0814, 1.4563, 0.3049, 0.6951],1.7498],-2.7652],
[0.9256, -0.1920, -0.2323, -1.5459, 0.5982, 0.7155, 0.7087],1.4056],-2.3466],
[0.9210, -0.2534, -0.0946, -0.9567, -0.2795, 1.1416, 0.8036],0.8417],-1.7399],
[0.9206, -0.3195, 0.1102, -0.3341, -1.1105, 1.5549, 0.9932],0.0709],-0.9539],
[0.9253, -0.3975, 0.4040, 0.2986, -1.8163, 1.9217, 1.2913],-0.8820],-0.0053],
[0.9368, -0.4893, 0.8108, 0.9170, -2.3118, 2.2056, 1.7115],-1.9859],1.0851],
[0.9631, -0.5823, 1.3589, 1.4935, -2.4995, 2.3648, 2.2676],-3.1974],2.2886],
])

