a_rightS = np.array([0.4923, -0.6857, 0.2573, -0.0162, -0.3963, 0.4764, 
0.4963, -1.0729, 0.5421, -0.0842, -0.6731, 0.7228, 
0.3851, -0.9224, 0.5049, 0.4727, -1.5750, 1.0699, 
-0.2154, 0.2502, 0.0168, 0.3945, -0.6783, 0.3352, 
0.0597, -0.1237, 0.2310, 0.5102, -0.3695, 0.0263, 
-0.0162, -0.3963, 0.4764, 0.4923, -0.6857, 0.2573])

a_leftS = np.array([-0.0162, -0.3963, 0.4764, 0.4923, -0.6857, 0.2573, 
-0.0842, -0.6731, 0.7228, 0.4963, -1.0729, 0.5421, 
0.4727, -1.5750, 1.0699, 0.3851, -0.9224, 0.5049, 
0.3945, -0.6783, 0.3352, -0.2154, 0.2502, 0.0168])

p = np.array([0.5000, 0.0000])

position = np.array([[-0.1597, 0.8929, 0.0640, 0.4923, -0.6857, 0.2573, -0.0162],-0.3963],0.4764],
[-0.1376, 0.8802, 0.0418, 0.4900, -0.7685, 0.3203, -0.0191],-0.4781],0.5391],
[-0.1185, 0.8709, 0.0246, 0.4799, -0.8222, 0.3668, 0.0007],-0.5753],0.5992],
[-0.1019, 0.8666, 0.0120, 0.4608, -0.8459, 0.3971, 0.0359],-0.6743],0.6504],
[-0.0868, 0.8674, 0.0039, 0.4328, -0.8412, 0.4123, 0.0807],-0.7655],0.6887],
[-0.0727, 0.8729, 0.0000, 0.3966, -0.8105, 0.4139, 0.1301],-0.8412],0.7111],
[-0.0591, 0.8819, 0.0000, 0.3535, -0.7578, 0.4043, 0.1808],-0.8972],0.7164],
[-0.0456, 0.8929, 0.0035, 0.3055, -0.6878, 0.3859, 0.2298],-0.9306],0.7043],
[-0.0321, 0.9043, 0.0102, 0.2548, -0.6061, 0.3615, 0.2754],-0.9413],0.6761],
[-0.0185, 0.9147, 0.0194, 0.2037, -0.5185, 0.3341, 0.3165],-0.9305],0.6334],
[-0.0047, 0.9232, 0.0307, 0.1548, -0.4309, 0.3068, 0.3525],-0.9009],0.5791],
[0.0092, 0.9292, 0.0433, 0.1101, -0.3491, 0.2823, 0.3833],-0.8565],0.5165],
[0.0234, 0.9327, 0.0566, 0.0716, -0.2784, 0.2633, 0.4092],-0.8022],0.4496],
[0.0378, 0.9340, 0.0697, 0.0409, -0.2235, 0.2524, 0.4307],-0.7434],0.3824],
[0.0527, 0.9334, 0.0817, 0.0185, -0.1880, 0.2512, 0.4484],-0.6862],0.3194],
[0.0683, 0.9313, 0.0915, 0.0046, -0.1745, 0.2614, 0.4630],-0.6364],0.2650],
[0.0848, 0.9278, 0.0980, -0.0019, -0.1836, 0.2836, 0.4748],-0.6001],0.2233],
[0.1025, 0.9226, 0.1000, -0.0030, -0.2146, 0.3177, 0.4841],-0.5826],0.1985],
[0.1216, 0.9153, 0.0960, -0.0023, -0.2643, 0.3626, 0.4906],-0.5886],0.1940],
[0.1424, 0.9054, 0.0846, -0.0045, -0.3276, 0.4167, 0.4939],-0.6222],0.2129],
[0.1653, 0.8929, 0.0640, -0.0162, -0.3963, 0.4764, 0.4923],-0.6857],0.2573],
])

velocity = np.array([[0.9571, -0.5539, -0.9856, 0.0393, -3.8721, 2.8472, -0.6804],-2.7689],2.4636],
[0.8171, -0.4516, -0.7872, -0.2384, -2.7392, 2.1905, 0.3910],-3.6794],2.5012],
[0.7083, -0.2774, -0.5955, -0.5805, -1.5454, 1.5304, 1.1439],-4.0000],2.2607],
[0.6303, -0.0702, -0.4119, -0.9436, -0.3676, 0.8992, 1.6342],-3.8606],1.8145],
[0.5796, 0.1327, -0.2380, -1.2926, 0.7317, 0.3230, 1.9118],-3.3769],1.2271],
[0.5514, 0.2994, -0.0755, -1.5972, 1.6971, -0.1754, 2.0231],-2.6573],0.5587],
[0.5396, 0.4114, 0.0733, -1.8355, 2.4879, -0.5791, 2.0081],-1.7963],-0.1386],
[0.5383, 0.4583, 0.2062, -1.9899, 3.0709, -0.8747, 1.9034],-0.8806],-0.8166],
[0.5425, 0.4451, 0.3207, -2.0516, 3.4270, -1.0546, 1.7394],0.0169],-1.4356],
[0.5484, 0.3833, 0.4139, -2.0160, 3.5446, -1.1147, 1.5429],0.8307],-1.9597],
[0.5546, 0.2916, 0.4827, -1.8873, 3.4267, -1.0567, 1.3345],1.5096],-2.3614],
[0.5614, 0.1897, 0.5238, -1.6739, 3.0834, -0.8857, 1.1313],2.0095],-2.6170],
[0.5709, 0.0928, 0.5335, -1.3929, 2.5394, -0.6130, 0.9442],2.3006],-2.7113],
[0.5857, 0.0115, 0.5082, -1.0658, 1.8268, -0.2528, 0.7807],2.3604],-2.6329],
[0.6081, -0.0548, 0.4435, -0.7227, 0.9921, 0.1742, 0.6416],2.1806],-2.3787],
[0.6400, -0.1119, 0.3353, -0.3980, 0.0890, 0.6443, 0.5249],1.7601],-1.9497],
[0.6819, -0.1718, 0.1789, -0.1348, -0.8140, 1.1278, 0.4218],1.1121],-1.3550],
[0.7336, -0.2466, -0.0305, 0.0194, -1.6415, 1.5916, 0.3203],0.2570],-0.6078],
[0.7960, -0.3405, -0.2981, 0.0086, -2.3032, 1.9965, 0.2019],-0.7705],0.2705],
[0.8715, -0.4498, -0.6292, -0.2276, -2.7018, 2.3003, 0.0450],-1.9286],1.2545],
[0.9690, -0.5530, -1.0294, -0.7584, -2.7253, 2.4543, -0.1788],-3.1611],2.3105],
])

