a_rightS = np.array([0.3310, -0.6036, 0.3061, -0.0033, -0.3794, 0.4163, 
0.3419, -0.8885, 0.4993, 0.0141, -0.6895, 0.6282, 
0.3465, -0.8171, 0.4639, 0.5166, -1.4829, 0.9596, 
0.0126, 0.0755, 0.0867, 0.5326, -0.7967, 0.4389, 
-0.0139, -0.0732, 0.2052, 0.3393, -0.3877, 0.1665, 
-0.0033, -0.3794, 0.4163, 0.3310, -0.6036, 0.3061])

a_leftS = np.array([-0.0033, -0.3794, 0.4163, 0.3310, -0.6036, 0.3061, 
0.0141, -0.6895, 0.6282, 0.3419, -0.8885, 0.4993, 
0.5166, -1.4829, 0.9596, 0.3465, -0.8171, 0.4639, 
0.5326, -0.7967, 0.4389, 0.0126, 0.0755, 0.0867])

p = np.array([0.5000, 0.0000])

position = np.array([0.1179, 0.9083, 0.0378, -0.0040, -0.3677, 0.4095, 0.3318, 0.5947, 0.3006],
[-0.0694, 0.8976, 0.0164, 0.3332, -0.6653, 0.3485, 0.0119],-0.4666],0.4710],
[-0.0598, 0.8905, 0.0053, 0.3330, -0.7069, 0.3792, 0.0448],-0.5650],0.5255],
[-0.0516, 0.8868, 0.0000, 0.3289, -0.7268, 0.3980, 0.0891],-0.6634],0.5743],
[-0.0442, 0.8866, 0.0000, 0.3201, -0.7258, 0.4057, 0.1400],-0.7539],0.6139],
[-0.0373, 0.8896, 0.0047, 0.3060, -0.7048, 0.4035, 0.1931],-0.8300],0.6415],
[-0.0303, 0.8952, 0.0131, 0.2870, -0.6667, 0.3928, 0.2449],-0.8877],0.6560],
[-0.0231, 0.9024, 0.0245, 0.2634, -0.6143, 0.3754, 0.2926],-0.9246],0.6566],
[-0.0155, 0.9103, 0.0378, 0.2359, -0.5517, 0.3535, 0.3341],-0.9402],0.6439],
[-0.0073, 0.9178, 0.0518, 0.2057, -0.4830, 0.3292, 0.3680],-0.9351],0.6190],
[0.0015, 0.9243, 0.0657, 0.1737, -0.4127, 0.3047, 0.3933],-0.9114],0.5838],
[0.0109, 0.9293, 0.0784, 0.1414, -0.3453, 0.2822, 0.4099],-0.8721],0.5406],
[0.0209, 0.9326, 0.0888, 0.1100, -0.2851, 0.2639, 0.4178],-0.8213],0.4923],
[0.0315, 0.9342, 0.0963, 0.0807, -0.2360, 0.2516, 0.4178],-0.7634],0.4418],
[0.0426, 0.9344, 0.1000, 0.0547, -0.2016, 0.2469, 0.4110],-0.7037],0.3927],
[0.0543, 0.9333, 0.0995, 0.0328, -0.1845, 0.2512, 0.3988],-0.6474],0.3482],
[0.0665, 0.9311, 0.0945, 0.0158, -0.1865, 0.2652, 0.3831],-0.6002],0.3117],
[0.0791, 0.9277, 0.0850, 0.0041, -0.2085, 0.2894, 0.3659],-0.5674],0.2864],
[0.0921, 0.9229, 0.0712, -0.0026, -0.2496, 0.3234, 0.3498],-0.5540],0.2754],
[0.1054, 0.9161, 0.0537, -0.0047, -0.3079, 0.3663, 0.3372],-0.5648],0.2813],
[0.1188, 0.9070, 0.0335, -0.0033, -0.3794, 0.4163, 0.3310],-0.6036],0.3061],
])

velocity = np.array([[0.5270, -0.4120, -0.8073, 0.1093, -2.8490, 1.9324, 0.1745],-3.1006],2.1188],
[0.4243, -0.3358, -0.5638, 0.0517, -2.0783, 1.4628, 1.0051],-3.7915],2.2226],
[0.3525, -0.2182, -0.3254, -0.0782, -1.2329, 0.9856, 1.5806],-4.0000],2.0940],
[0.3070, -0.0796, -0.1021, -0.2547, -0.3724, 0.5250, 1.9361],-3.8273],1.7891],
[0.2830, 0.0586, 0.0982, -0.4560, 0.4536, 0.1006, 2.1046],-3.3646],1.3582],
[0.2759, 0.1771, 0.2684, -0.6624, 1.2007, -0.2699, 2.1180],-2.6978],0.8483],
[0.2815, 0.2633, 0.4035, -0.8576, 1.8345, -0.5734, 2.0056],-1.9027],0.3005],
[0.2961, 0.3089, 0.4994, -1.0277, 2.3259, -0.7988, 1.7961],-1.0497],-0.2470],
[0.3163, 0.3147, 0.5540, -1.1620, 2.6556, -0.9397, 1.5154],-0.1992],-0.7622],
[0.3395, 0.2856, 0.5662, -1.2522, 2.8099, -0.9915, 1.1887],0.5936],-1.2161],
[0.3638, 0.2320, 0.5369, -1.2936, 2.7847, -0.9542, 0.8386],1.2838],-1.5855],
[0.3879, 0.1654, 0.4680, -1.2832, 2.5813, -0.8301, 0.4868],1.8316],-1.8505],
[0.4114, 0.0967, 0.3633, -1.2222, 2.2110, -0.6255, 0.1527],2.2075],-1.9970],
[0.4342, 0.0343, 0.2277, -1.1132, 1.6903, -0.3494, -0.1455],2.3871],-2.0139],
[0.4563, -0.0192, 0.0679, -0.9631, 1.0457, -0.0147, -0.3919],2.3562],-1.8964],
[0.4776, -0.0652, -0.1082, -0.7802, 0.3089, 0.3631, -0.5717],2.1059],-1.6423],
[0.4973, -0.1103, -0.2908, -0.5770, -0.4783, 0.7645, -0.6723],1.6372],-1.2558],
[0.5139, -0.1631, -0.4692, -0.3677, -1.2691, 1.1676, -0.6822],0.9568],-0.7439],
[0.5263, -0.2303, -0.6307, -0.1702, -2.0065, 1.5460, -0.5922],0.0811],-0.1195],
[0.5335, -0.3156, -0.7615, -0.0045, -2.6283, 1.8713, -0.3945],-0.9681],0.6011],
[0.5374, -0.4109, -0.8458, 0.1057, -3.0623, 2.1108, -0.0831],-2.1587],1.3960],
])

