2.66
2.66
2.67
2.67
2.68
2.68
2.69
2.69
2.70
2.70
2.71
2.71
2.72
2.72
2.73
2.73
2.74
2.74
2.75
2.75
2.75
2.76
2.76
2.76
2.77
2.77
2.77
2.77
2.78
2.78
2.78
2.78
2.79
2.79
2.79
2.79
2.79
2.80
2.80
2.80
2.80
2.80
2.80
2.80
2.80
2.81
2.81
2.81
2.81
2.81
2.81
2.81
2.82
2.82
2.82
2.82
2.82
2.83
2.83
2.83
2.83
2.84
2.84
2.84
2.84
2.85
2.85
2.85
2.85
2.85
2.85
2.85
2.86
2.86
2.86
2.86
2.86
2.86
2.86
2.86
2.87
2.87
2.87
2.87
2.87
2.87
2.87
2.87
2.88
2.88
2.88
2.88
2.88
2.88
2.89
2.89
2.89
2.89
2.89
2.89
2.90
2.90
2.90
2.90
2.90
2.91
2.91
2.91
2.91
2.91
2.92
2.92
2.92
2.92
2.93
2.93
2.93
2.93
2.94
2.94
2.94
2.95
2.95
2.95
2.96
2.96
2.96
2.96
2.97
2.97
2.97
2.98
2.98
2.99
2.99
2.99
3.00
3.00
3.00
3.01
3.01
3.02
3.02
3.03
3.03
3.03
3.04
3.04
3.05
3.05
3.06
3.06
3.07
3.07
3.08
3.08
3.09
3.09
3.10
3.11
3.11
3.12
3.12
3.13
3.14
3.14
3.15
3.16
3.16
3.17
3.18
3.19
3.19
3.20
3.21
3.22
3.22
3.23
3.24
3.25
2.83
2.83
2.83
2.83
2.83
2.83
2.84
2.84
2.85
2.85
2.85
2.86
2.86
2.86
2.86
2.86
2.86
2.86
2.86
2.85
2.85
2.85
2.85
2.84
2.84
2.84
2.83
2.83
2.83
2.83
2.82
2.82
2.82
2.82
2.81
2.81
2.81
2.81
2.80
2.80
2.80
2.80
2.80
2.79
2.79
2.79
2.79
2.79
2.78
2.78
2.78
2.77
2.77
2.77
2.77
2.76
2.76
2.76
2.75
2.75
2.75
2.75
2.74
2.74
2.74
2.73
2.73
2.73
2.73
2.72
2.72
2.72
2.71
2.71
2.71
2.71
2.70
2.70
2.70
2.69
2.69
2.69
2.69
2.68
2.68
2.68
2.67
2.67
2.67
2.67
2.66
2.66
2.66
2.66
2.82
2.82
2.82
2.82
2.82
2.82
2.82
2.82
2.81
2.81
2.81
2.81
2.81
2.81
2.81
2.81
2.81
2.82
2.82
2.82
2.82
2.82
2.83
2.83
2.83
2.84
2.84
2.84
2.85
2.85
2.85
2.86
2.86
2.86
2.86
2.87
2.87
2.87
2.88
2.88
2.88
2.88
2.89
2.89
2.90
2.90
2.90
2.91
2.91
2.92
2.92
2.93
2.93
2.94
2.95
2.95
2.96
2.96
2.97
2.98
2.98
2.99
3.00
3.01
3.01
3.02
3.03
3.04
3.05
3.06
3.07
3.08
3.09
3.09
3.10
3.11
3.12
3.13
3.14
3.15
3.16
3.17
3.18
3.19
3.20
3.21
3.22
3.23
3.23
3.24
3.25
2.90
2.90
2.90
2.90
2.90
2.90
2.90
2.91
2.91
2.91
2.91
2.91
2.91
2.91
2.91
2.91
2.90
2.90
2.89
2.89
2.88
2.88
2.87
2.87
2.86
2.85
2.85
2.84
2.84
2.83
2.83
2.83
2.82
2.82
2.81
2.81
2.81
2.80
2.80
2.80
2.80
2.79
2.79
2.79
2.78
2.78
2.77
2.77
2.77
2.76
2.76
2.75
2.75
2.75
2.74
2.74
2.73
2.73
2.73
2.72
2.72
2.72
2.71
2.71
2.70
2.70
2.70
2.69
2.69
2.68
2.68
2.68
2.67
2.67
2.66
2.66
2.65
2.83
2.83
2.83
2.83
2.83
2.83
2.82
2.82
2.82
2.82
2.81
2.81
2.81
2.81
2.81
2.81
2.81
2.81
2.81
2.81
2.81
2.81
2.81
2.81
2.81
2.81
2.82
2.82
2.82
2.82
2.82
2.82
2.82
2.83
2.83
2.83
2.83
2.83
2.84
2.84
2.84
2.84
2.85
2.85
2.85
2.85
2.86
2.86
2.86
2.87
2.87
2.87
2.87
2.88
2.88
2.89
2.89
2.89
2.90
2.90
2.91
2.91
2.92
2.93
2.93
2.94
2.95
2.95
2.96
2.97
2.98
2.99
3.00
3.01
3.02
3.03
3.04
3.05
3.06
3.07
3.08
3.10
3.11
3.12
3.13
3.15
3.16
3.17
3.19
3.20
3.21
3.23
3.24
3.25
2.92
2.92
2.92
2.92
2.92
2.93
2.93
2.94
2.94
2.95
2.95
2.96
2.96
2.96
2.96
2.96
2.96
2.96
2.96
2.96
2.95
2.95
2.94
2.94
2.94
2.93
2.93
2.92
2.92
2.91
2.91
2.90
2.90
2.89
2.89
2.88
2.88
2.87
2.87
2.86
2.86
2.85
2.85
2.85
2.84
2.84
2.83
2.83
2.82
2.82
2.82
2.81
2.81
2.80
2.80
2.79
2.79
2.78
2.78
2.77
2.77
2.76
2.76
2.75
2.75
2.74
2.74
2.73
2.73
2.73
2.72
2.72
2.71
2.71
2.70
2.70
2.69
2.69
2.68
2.68
2.67
2.67
2.67
2.66
2.65
2.83
2.83
2.83
2.83
2.83
2.83
2.82
2.82
2.82
2.82
2.81
2.81
2.81
2.81
2.81
2.81
2.81
2.81
2.81
2.81
2.81
2.81
2.81
2.81
2.81
2.82
2.82
2.82
2.82
2.82
2.82
2.82
2.83
2.83
2.83
2.83
2.84
2.84
2.84
2.84
2.85
2.85
2.85
2.86
2.86
2.87
2.87
2.87
2.88
2.88
2.89
2.89
2.90
2.90
2.91
2.91
2.92
2.93
2.93
2.94
2.95
2.95
2.96
2.97
2.98
2.99
3.00
3.01
3.02
3.04
3.05
3.06
3.07
3.09
3.10
3.12
3.13
3.15
3.17
3.18
3.20
3.22
3.24
2.88
2.88
2.88
2.89
2.89
2.90
2.90
2.91
2.92
2.93
2.94
2.95
2.95
2.96
2.97
2.97
2.98
2.98
2.98
2.98
2.99
2.99
2.99
2.99
2.99
2.99
2.98
2.98
2.98
2.98
2.98
2.98
2.98
2.98
2.97
2.97
2.97
2.97
2.96
2.96
2.96
2.95
2.95
2.94
2.94
2.93
2.93
2.92
2.92
2.92
2.91
2.91
2.90
2.90
2.89
2.89
2.88
2.88
2.87
2.87
2.87
2.86
2.86
2.85
2.85
2.84
2.84
2.83
2.83
2.82
2.82
2.81
2.80
2.80
2.79
2.79
2.78
2.78
2.77
2.76
2.76
2.75
2.75
2.74
2.74
2.73
2.73
2.72
2.71
2.71
2.70
2.70
2.69
2.69
2.68
2.68
2.67
2.67
2.66
2.66
2.65
2.82
2.82
2.81
2.81
2.81
2.81
2.81
2.81
2.81
2.80
2.80
2.80
2.80
2.80
2.80
2.80
2.80
2.80
2.80
2.80
2.80
2.80
2.80
2.80
2.80
2.80
2.80
2.81
2.81
2.81
2.81
2.81
2.81
2.82
2.82
2.82
2.82
2.82
2.83
2.83
2.83
2.84
2.84
2.84
2.85
2.85
2.85
2.86
2.86
2.87
2.87
2.88
2.88
2.89
2.89
2.90
2.90
2.91
2.92
2.93
2.93
2.94
2.95
2.96
2.97
2.98
3.00
3.01
3.02
3.03
3.05
3.06
3.08
3.09
3.11
3.13
3.15
3.16
3.18
3.20
3.22
3.24
2.88
2.88
2.88
2.88
2.89
2.89
2.90
2.90
2.91
2.92
2.92
2.93
2.94
2.95
2.95
2.96
2.96
2.97
2.97
2.97
2.97
2.97
2.97
2.97
2.97
2.97
2.97
2.97
2.97
2.96
2.96
2.96
2.96
2.96
2.95
2.95
2.95
2.95
2.94
2.94
2.94
2.94
2.93
2.93
2.92
2.92
2.91
2.91
2.90
2.90
2.89
2.88
2.88
2.87
2.87
2.86
2.86
2.85
2.85
2.84
2.84
2.83
2.82
2.82
2.81
2.81
2.80
2.80
2.79
2.79
2.78
2.78
2.77
2.77
2.76
2.76
2.75
2.75
2.74
2.73
2.73
2.72
2.72
2.71
2.71
2.70
2.69
2.69
2.68
2.68
2.67
2.66
2.65
2.84
2.84
2.84
2.83
2.83
2.83
2.82
2.82
2.82
2.81
2.81
2.81
2.80
2.80
2.80
2.80
2.79
2.79
2.79
2.79
2.79
2.79
2.79
2.79
2.79
2.79
2.79
2.79
2.79
2.79
2.79
2.79
2.79
2.79
2.79
2.79
2.79
2.79
2.79
2.79
2.79
2.79
2.79
2.79
2.79
2.80
2.80
2.80
2.80
2.80
2.80
2.80
2.81
2.81
2.81
2.81
2.81
2.82
2.82
2.82
2.82
2.83
2.83
2.83
2.83
2.84
2.84
2.84
2.85
2.85
2.85
2.86
2.86
2.87
2.88
2.88
2.89
2.90
2.91
2.91
2.92
2.93
2.94
2.95
2.96
2.98
2.99
3.00
3.02
3.03
3.05
3.06
3.08
3.10
3.11
3.13
3.15
3.17
3.18
3.20
3.22
3.23
3.25
2.93
2.93
2.93
2.93
2.93
2.94
2.94
2.95
2.96
2.96
2.97
2.98
2.98
2.99
2.99
3.00
3.00
3.00
3.00
3.00
3.00
3.00
3.00
2.99
2.99
2.99
2.98
2.98
2.98
2.97
2.97
2.96
2.96
2.96
2.95
2.95
2.94
2.94
2.93
2.93
2.92
2.92
2.92
2.91
2.90
2.90
2.89
2.89
2.88
2.88
2.87
2.86
2.86
2.85
2.85
2.84
2.84
2.83
2.82
2.82
2.81
2.81
2.80
2.79
2.79
2.78
2.78
2.77
2.76
2.76
2.75
2.74
2.74
2.73
2.72
2.72
2.71
2.71
2.70
2.69
2.69
2.68
2.67
2.67
2.66
2.65
2.84
2.84
2.84
2.84
2.84
2.83
2.83
2.83
2.82
2.82
2.82
2.82
2.81
2.81
2.81
2.80
2.80
2.80
2.80
2.80
2.80
2.79
2.79
2.79
2.79
2.79
2.79
2.79
2.79
2.79
2.79
2.80
2.80
2.80
2.80
2.80
2.80
2.80
2.80
2.80
2.80
2.80
2.80
2.80
2.80
2.81
2.81
2.81
2.81
2.81
2.82
2.82
2.82
2.82
2.83
2.83
2.83
2.84
2.84
2.85
2.85
2.85
2.86
2.86
2.87
2.87
2.88
2.89
2.89
2.90
2.90
2.91
2.92
2.92
2.93
2.94
2.95
2.96
2.97
2.98
2.99
3.01
3.02
3.04
3.06
3.07
3.09
3.11
3.13
3.15
3.17
3.19
3.22
3.24
2.84
2.84
2.85
2.86
2.86
2.87
2.88
2.89
2.90
2.91
2.92
2.93
2.94
2.96
2.97
2.98
2.99
3.00
3.01
3.02
3.02
3.03
3.03
3.04
3.04
3.04
3.04
3.05
3.05
3.05
3.05
3.05
3.06
3.06
3.06
3.06
3.06
3.06
3.06
3.07
3.07
3.07
3.06
3.06
3.05
3.05
3.04
3.04
3.03
3.02
3.02
3.01
3.00
3.00
2.99
2.98
2.98
2.97
2.97
2.96
2.96
2.95
2.95
2.94
2.94
2.93
2.93
2.92
2.92
2.91
2.91
2.90
2.90
2.89
2.89
2.88
2.88
2.87
2.86
2.86
2.85
2.84
2.83
2.83
2.82
2.81
2.80
2.80
2.79
2.78
2.78
2.77
2.76
2.76
2.75
2.74
2.74
2.73
2.72
2.72
2.71
2.70
2.70
2.69
2.69
2.68
2.67
2.67
2.66
2.66
2.81
2.81
2.81
2.81
2.81
2.81
2.81
2.80
2.80
2.80
2.80
2.79
2.79
2.79
2.79
2.79
2.79
2.79
2.79
2.79
2.79
2.79
2.79
2.79
2.79
2.79
2.79
2.79
2.79
2.79
2.79
2.79
2.79
2.79
2.80
2.80
2.80
2.80
2.80
2.80
2.80
2.80
2.81
2.81
2.81
2.81
2.81
2.82
2.82
2.82
2.82
2.83
2.83
2.83
2.84
2.84
2.85
2.85
2.85
2.86
2.86
2.87
2.88
2.88
2.89
2.89
2.90
2.91
2.92
2.93
2.94
2.95
2.96
2.97
2.99
3.00
3.01
3.03
3.04
3.06
3.08
3.10
3.12
3.14
3.16
3.18
3.20
3.22
3.24
2.89
2.89
2.89
2.90
2.90
2.90
2.91
2.91
2.92
2.93
2.93
2.94
2.95
2.96
2.96
2.97
2.97
2.98
2.98
2.98
2.98
2.98
2.98
2.98
2.98
2.98
2.98
2.98
2.97
2.97
2.97
2.97
2.96
2.96
2.96
2.95
2.95
2.95
2.95
2.94
2.94
2.94
2.93
2.93
2.92
2.92
2.91
2.91
2.90
2.90
2.89
2.89
2.88
2.87
2.87
2.86
2.85
2.85
2.84
2.83
2.83
2.82
2.82
2.81
2.80
2.80
2.79
2.79
2.78
2.77
2.77
2.76
2.76
2.75
2.75
2.74
2.73
2.73
2.72
2.72
2.71
2.70
2.70
2.69
2.68
2.68
2.67
2.66
2.65
2.88
2.88
2.87
2.87
2.86
2.86
2.85
2.84
2.84
2.83
2.83
2.82
2.82
2.81
2.81
2.80
2.80
2.80
2.79
2.79
2.79
2.78
2.78
2.78
2.77
2.77
2.77
2.77
2.77
2.76
2.76
2.76
2.76
2.76
2.76
2.76
2.76
2.76
2.76
2.76
2.76
2.76
2.76
2.76
2.77
2.77
2.77
2.78
2.78
2.78
2.78
2.79
2.79
2.79
2.79
2.79
2.80
2.80
2.80
2.80
2.80
2.80
2.81
2.81
2.81
2.81
2.81
2.81
2.82
2.82
2.82
2.82
2.83
2.83
2.83
2.83
2.84
2.84
2.84
2.85
2.85
2.86
2.87
2.88
2.88
2.89
2.91
2.92
2.93
2.94
2.95
2.97
2.98
3.00
3.01
3.03
3.05
3.06
3.08
3.10
3.12
3.14
3.16
3.19
3.21
3.23
2.88
2.88
2.88
2.89
2.89
2.90
2.91
2.92
2.93
2.94
2.95
2.96
2.97
2.98
2.99
3.00
3.00
3.01
3.02
3.02
3.03
3.03
3.03
3.03
3.04
3.04
3.04
3.04
3.04
3.04
3.04
3.04
3.03
3.03
3.03
3.03
3.03
3.03
3.03
3.03
3.03
3.03
3.03
3.02
3.02
3.02
3.01
3.01
3.00
3.00
2.99
2.98
2.98
2.97
2.97
2.96
2.95
2.95
2.94
2.94
2.93
2.92
2.92
2.91
2.91
2.90
2.89
2.89
2.88
2.88
2.87
2.87
2.86
2.86
2.85
2.84
2.84
2.83
2.82
2.82
2.81
2.80
2.79
2.79
2.78
2.77
2.77
2.76
2.75
2.75
2.74
2.73
2.73
2.72
2.71
2.71
2.70
2.69
2.69
2.68
2.68
2.67
2.66
2.66
2.65
2.82
2.82
2.82
2.82
2.82
2.81
2.81
2.81
2.81
2.80
2.80
2.80
2.80
2.80
2.79
2.79
2.79
2.79
2.79
2.79
2.79
2.79
2.79
2.79
2.79
2.79
2.79
2.79
2.79
2.79
2.79
2.79
2.79
2.79
2.79
2.80
2.80
2.80
2.80
2.80
2.80
2.80
2.80
2.80
2.80
2.80
2.81
2.81
2.81
2.81
2.81
2.82
2.82
2.82
2.83
2.83
2.83
2.84
2.84
2.84
2.85
2.85
2.86
2.86
2.87
2.88
2.88
2.89
2.90
2.90
2.91
2.92
2.93
2.94
2.95
2.96
2.98
2.99
3.00
3.02
3.04
3.05
3.07
3.09
3.11
3.13
3.15
3.17
3.19
3.21
3.24
2.89
2.89
2.89
2.89
2.90
2.90
2.91
2.91
2.92
2.93
2.94
2.94
2.95
2.96
2.97
2.98
2.98
2.99
2.99
2.99
3.00
3.00
3.00
3.00
3.00
2.99
2.99
2.99
2.99
2.99
2.99
2.98
2.98
2.98
2.98
2.98
2.97
2.97
2.97
2.97
2.96
2.96
2.96
2.95
2.95
2.95
2.94
2.94
2.93
2.93
2.92
2.92
2.91
2.90
2.90
2.89
2.88
2.88
2.87
2.86
2.86
2.85
2.84
2.84
2.83
2.82
2.82
2.81
2.81
2.80
2.79
2.79
2.78
2.78
2.77
2.76
2.76
2.75
2.75
2.74
2.74
2.73
2.72
2.72
2.71
2.70
2.70
2.69
2.68
2.67
2.67
2.66
2.88
2.88
2.87
2.87
2.86
2.86
2.85
2.84
2.84
2.83
2.83
2.82
2.81
2.81
2.81
2.80
2.80
2.79
2.79
2.79
2.79
2.78
2.78
2.78
2.78
2.77
2.77
2.77
2.77
2.77
2.77
2.77
2.77
2.76
2.76
2.76
2.76
2.76
2.76
2.76
2.76
2.76
2.76
2.76
2.77
2.77
2.77
2.78
2.78
2.78
2.78
2.79
2.79
2.79
2.79
2.79
2.80
2.80
2.80
2.80
2.80
2.80
2.81
2.81
2.81
2.81
2.81
2.82
2.82
2.82
2.82
2.83
2.83
2.83
2.83
2.84
2.84
2.84
2.85
2.85
2.86
2.86
2.87
2.88
2.89
2.90
2.91
2.92
2.93
2.95
2.96
2.98
2.99
3.01
3.03
3.04
3.06
3.08
3.10
3.12
3.15
3.17
3.19
3.22
3.24
2.86
2.86
2.87
2.87
2.88
2.88
2.89
2.90
2.91
2.92
2.93
2.94
2.95
2.97
2.98
2.99
3.00
3.01
3.02
3.03
3.03
3.04
3.04
3.05
3.05
3.05
3.05
3.05
3.06
3.06
3.06
3.06
3.06
3.06
3.06
3.06
3.06
3.06
3.06
3.06
3.06
3.06
3.06
3.06
3.06
3.06
3.05
3.05
3.04
3.04
3.03
3.02
3.02
3.01
3.00
3.00
2.99
2.98
2.98
2.97
2.97
2.96
2.95
2.95
2.94
2.94
2.93
2.92
2.92
2.91
2.91
2.90
2.90
2.89
2.89
2.88
2.88
2.87
2.87
2.86
2.85
2.85
2.84
2.83
2.82
2.81
2.81
2.80
2.79
2.78
2.78
2.77
2.76
2.76
2.75
2.74
2.74
2.73
2.72
2.72
2.71
2.70
2.70
2.69
2.69
2.68
2.68
2.67
2.66
2.66
2.65
2.81
2.81
2.81
2.81
2.81
2.81
2.81
2.80
2.80
2.80
2.80
2.79
2.79
2.79
2.79
2.79
2.78
2.78
2.78
2.78
2.78
2.78
2.78
2.78
2.78
2.78
2.78
2.78
2.79
2.79
2.79
2.79
2.79
2.79
2.79
2.79
2.79
2.79
2.80
2.80
2.80
2.80
2.80
2.80
2.81
2.81
2.81
2.81
2.81
2.82
2.82
2.82
2.82
2.83
2.83
2.84
2.84
2.84
2.85
2.85
2.86
2.86
2.87
2.87
2.88
2.89
2.89
2.90
2.91
2.92
2.93
2.94
2.95
2.97
2.98
2.99
3.01
3.02
3.04
3.06
3.07
3.09
3.11
3.13
3.15
3.17
3.19
3.21
3.23
2.90
2.90
2.90
2.90
2.90
2.91
2.91
2.92
2.93
2.93
2.94
2.95
2.95
2.96
2.97
2.97
2.98
2.98
2.98
2.98
2.98
2.98
2.98
2.98
2.98
2.97
2.97
2.97
2.97
2.96
2.96
2.96
2.95
2.95
2.95
2.94
2.94
2.94
2.93
2.93
2.93
2.92
2.92
2.91
2.91
2.90
2.90
2.89
2.89
2.88
2.88
2.87
2.87
2.86
2.85
2.85
2.84
2.83
2.83
2.82
2.81
2.81
2.80
2.79
2.79
2.78
2.77
2.77
2.76
2.76
2.75
2.74
2.74
2.73
2.73
2.72
2.72
2.71
2.71
2.70
2.69
2.69
2.68
2.67
2.66
2.65
2.92
2.91
2.90
2.89
2.89
2.88
2.87
2.86
2.85
2.84
2.84
2.83
2.82
2.82
2.81
2.81
2.80
2.80
2.80
2.79
2.79
2.79
2.78
2.78
2.78
2.78
2.77
2.77
2.77
2.77
2.77
2.77
2.77
2.77
2.77
2.77
2.77
2.77
2.77
2.77
2.77
2.78
2.78
2.78
2.78
2.79
2.79
2.79
2.79
2.79
2.80
2.80
2.80
2.80
2.80
2.81
2.81
2.81
2.81
2.82
2.82
2.82
2.82
2.83
2.83
2.83
2.83
2.84
2.84
2.85
2.85
2.85
2.86
2.86
2.87
2.87
2.88
2.89
2.90
2.90
2.91
2.92
2.94
2.95
2.97
2.98
3.00
3.02
3.04
3.06
3.09
3.11
3.13
3.16
3.18
3.21
3.24
2.77
2.78
2.78
2.79
2.80
2.81
2.82
2.82
2.84
2.85
2.86
2.87
2.88
2.89
2.91
2.92
2.93
2.94
2.95
2.96
2.97
2.97
2.98
2.98
2.99
2.99
3.00
3.00
3.01
3.01
3.01
3.01
3.01
3.01
3.00
3.00
2.99
2.98
2.98
2.97
2.96
2.96
2.95
2.94
2.94
2.93
2.92
2.92
2.91
2.90
2.90
2.89
2.88
2.88
2.87
2.87
2.86
2.85
2.85
2.84
2.84
2.83
2.83
2.82
2.82
2.81
2.80
2.80
2.79
2.79
2.78
2.78
2.77
2.76
2.76
2.75
2.74
2.73
2.73
2.72
2.71
2.70
2.69
2.69
2.68
2.67
2.66
2.65
3.01
3.00
2.99
2.98
2.97
2.96
2.95
2.94
2.92
2.91
2.90
2.89
2.88
2.87
2.86
2.86
2.85
2.84
2.83
2.83
2.82
2.82
2.82
2.82
2.81
2.81
2.81
2.82
2.82
2.82
2.82
2.83
2.83
2.83
2.84
2.84
2.85
2.85
2.86
2.87
2.87
2.88
2.89
2.89
2.90
2.91
2.92
2.93
2.94
2.95
2.96
2.97
2.98
2.99
3.00
3.01
3.02
3.03
3.05
3.06
3.07
3.09
3.10
3.11
3.13
3.15
3.16
3.18
3.20
3.22
3.24
2.54
2.56
2.59
2.61
2.62
2.64
2.65
2.66
2.67
2.69
2.69
2.70
2.71
2.72
2.73
2.74
2.75
2.76
2.77
2.78
2.79
2.80
2.81
2.82
2.82
2.83
2.84
2.84
2.84
2.85
2.85
2.86
2.86
2.86
2.87
2.87
2.87
2.87
2.87
2.88
2.88
2.88
2.88
2.88
2.88
2.88
2.88
2.88
2.88
2.87
2.87
2.87
2.87
2.86
2.86
2.86
2.85
2.85
2.84
2.84
2.83
2.83
2.82
2.82
2.81
2.81
2.80
2.79
2.79
2.78
2.78
2.77
2.76
2.76
2.75
2.74
2.74
2.73
2.72
2.72
2.71
2.70
2.70
2.69
2.68
2.68
2.67
2.66
2.65
2.64
2.63
2.62
2.61
2.59
2.58
2.56
2.54
2.51
2.49
2.46
2.42
2.38
2.34
2.28
2.22
2.15
2.07
1.98
1.87
3.20
3.15
3.11
3.07
3.03
3.00
2.97
2.95
2.93
2.92
2.90
2.90
2.89
2.89
2.88
2.88
2.88
2.88
2.88
2.88
2.88
2.88
2.88
2.88
2.88
2.88
2.88
2.88
2.88
2.88
2.88
2.88
2.88
2.88
2.88
2.88
2.88
2.88
2.88
2.88
2.87
2.87
2.87
2.86
2.86
2.85
2.85
2.84
2.84
2.83
2.83
2.83
2.83
2.83
2.83
2.84
2.84
2.84
2.85
2.85
2.86
2.87
2.87
2.88
2.89
2.90
2.91
2.92
2.93
2.94
2.95
2.96
2.97
2.99
3.00
3.02
3.03
3.05
3.07
3.09
3.11
3.14
3.17
3.19
3.22
2.47
2.49
2.52
2.54
2.56
2.58
2.59
2.61
2.62
2.63
2.64
2.65
2.66
2.67
2.68
2.68
2.69
2.70
2.71
2.71
2.72
2.73
2.73
2.74
2.74
2.75
2.76
2.76
2.77
2.77
2.78
2.78
2.78
2.79
2.79
2.79
2.79
2.79
2.80
2.80
2.80
2.80
2.80
2.80
2.80
2.80
2.80
2.80
2.80
2.80
2.80
2.80
2.80
2.80
2.80
2.80
2.80
2.80
2.80
2.80
2.80
2.80
2.80
2.80
2.80
2.80
2.80
2.80
2.80
2.80
2.80
2.80
2.79
2.79
2.79
2.79
2.79
2.78
2.78
2.78
2.78
2.77
2.77
2.77
2.77
2.76
2.76
2.76
2.75
2.75
2.75
2.74
2.74
2.74
2.73
2.73
2.72
2.72
2.72
2.71
2.71
2.70
2.70
2.69
2.69
2.68
2.68
2.67
2.66
2.65
3.04
3.02
3.00
2.98
2.96
2.94
2.92
2.90
2.89
2.87
2.86
2.84
2.83
2.82
2.82
2.81
2.81
2.80
2.80
2.79
2.79
2.79
2.78
2.78
2.78
2.77
2.77
2.76
2.76
2.76
2.75
2.75
2.75
2.74
2.74
2.74
2.74
2.73
2.73
2.73
2.73
2.73
2.73
2.72
2.72
2.72
2.72
2.72
2.72
2.72
2.72
2.73
2.73
2.73
2.73
2.73
2.74
2.74
2.75
2.75
2.76
2.76
2.77
2.77
2.78
2.78
2.78
2.79
2.79
2.79
2.79
2.80
2.80
2.80
2.80
2.80
2.81
2.81
2.81
2.81
2.81
2.82
2.82
2.82
2.83
2.83
2.83
2.83
2.84
2.84
2.85
2.85
2.86
2.86
2.87
2.87
2.88
2.88
2.89
2.90
2.90
2.91
2.92
2.93
2.94
2.95
2.96
2.97
2.99
3.00
3.01
3.03
3.04
3.06
3.08
3.09
3.11
3.13
3.15
3.17
3.19
3.21
3.24
2.87
2.87
2.87
2.87
2.88
2.88
2.88
2.89
2.89
2.90
2.90
2.91
2.92
2.92
2.93
2.94
2.94
2.94
2.95
2.95
2.95
2.95
2.95
2.94
2.94
2.94
2.94
2.94
2.93
2.93
2.93
2.93
2.92
2.92
2.92
2.91
2.91
2.91
2.90
2.90
2.90
2.89
2.89
2.88
2.88
2.87
2.87
2.86
2.86
2.85
2.85
2.84
2.84
2.83
2.83
2.82
2.82
2.81
2.80
2.80
2.79
2.78
2.78
2.77
2.77
2.76
2.75
2.75
2.74
2.74
2.73
2.72
2.72
2.71
2.71
2.70
2.69
2.69
2.68
2.67
2.66
2.65
3.07
3.06
3.04
3.02
3.01
2.99
2.98
2.96
2.94
2.93
2.91
2.90
2.89
2.87
2.86
2.85
2.84
2.84
2.83
2.82
2.82
2.81
2.81
2.81
2.81
2.81
2.81
2.81
2.81
2.81
2.81
2.81
2.81
2.82
2.82
2.82
2.83
2.83
2.84
2.84
2.84
2.85
2.86
2.86
2.87
2.88
2.88
2.89
2.90
2.91
2.92
2.93
2.94
2.95
2.96
2.98
2.99
3.00
3.02
3.03
3.05
3.07
3.08
3.10
3.12
3.14
3.15
3.17
3.20
3.22
3.24
2.02
2.09
2.16
2.22
2.28
2.32
2.37
2.40
2.44
2.47
2.50
2.52
2.54
2.56
2.58
2.59
2.61
2.62
2.63
2.64
2.65
2.66
2.66
2.67
2.68
2.68
2.69
2.69
2.69
2.70
2.70
2.70
2.70
2.71
2.71
2.71
2.71
2.71
2.70
2.70
2.70
2.70
2.70
2.70
2.70
2.70
2.70
2.70
2.70
2.69
2.69
2.69
2.69
2.69
2.68
2.68
2.68
2.68
2.67
2.67
2.67
2.67
2.66
2.66
2.65
2.65
2.65
2.64
2.64
2.63
2.62
2.62
2.61
2.60
2.59
2.58
2.57
2.56
2.55
2.54
2.52
2.50
2.49
2.47
2.45
2.42
2.40
2.37
2.33
2.30
2.25
2.20
2.15
3.25
3.20
3.16
3.12
3.08
3.05
3.02
3.00
2.98
2.96
2.94
2.93
2.92
2.91
2.90
2.89
2.89
2.88
2.88
2.87
2.87
2.87
2.87
2.86
2.86
2.86
2.86
2.86
2.86
2.86
2.86
2.86
2.86
2.86
2.86
2.86
2.86
2.86
2.86
2.85
2.85
2.85
2.85
2.85
2.84
2.84
2.84
2.83
2.83
2.82
2.82
2.82
2.82
2.82
2.82
2.82
2.82
2.82
2.83
2.83
2.83
2.84
2.84
2.85
2.85
2.86
2.87
2.88
2.88
2.89
2.90
2.91
2.92
2.94
2.95
2.96
2.98
3.00
3.01
3.03
3.05
3.07
3.10
3.12
3.15
3.17
3.20
3.23
2.05
2.10
2.14
2.18
2.22
2.25
2.28
2.30
2.33
2.35
2.37
2.39
2.41
2.42
2.44
2.46
2.47
2.49
2.50
2.51
2.53
2.54
2.55
2.56
2.57
2.58
2.59
2.60
2.60
2.61
2.61
2.62
2.62
2.63
2.63
2.63
2.63
2.63
2.63
2.62
2.62
2.62
2.61
2.61
2.60
2.60
2.60
2.59
2.59
2.58
2.58
2.57
2.57
2.56
2.56
2.55
2.54
2.53
2.53
2.52
2.51
2.50
2.49
2.48
2.47
2.46
2.44
2.43
2.42
2.40
2.39
2.37
2.36
2.34
2.32
2.30
2.28
2.26
2.24
2.22
2.20
2.17
2.15
2.13
2.10
3.22
3.16
3.11
3.07
3.04
3.02
3.00
2.98
2.97
2.96
2.95
2.95
2.95
2.94
2.94
2.94
2.95
2.95
2.95
2.96
2.96
2.97
2.97
2.98
2.99
3.00
3.01
3.02
3.03
3.04
3.05
3.07
3.08
3.09
3.11
3.12
3.14
3.15
3.17
3.18
3.20
3.21
3.23
3.24
3.25
0.17
0.20
0.22
0.22
0.20
0.16
0.09
0.01
-0.09
-0.21
-0.35
-0.51
-0.69
-0.89
-1.10
-1.33
-1.55
-1.77
-1.96
-2.12
-2.22
-2.27
-2.29
-2.28
-2.26
-2.23
-2.20
-2.19
-2.20
-2.25
-2.33
-2.44
-2.59
-2.78
-3.01
-3.26
-3.55
-3.88
-4.23
-4.62
-5.05
3.25
3.21
3.17
3.14
3.10
3.06
3.03
3.00
2.97
2.94
2.93
2.91
2.90
2.89
2.88
2.88
2.88
2.88
2.87
2.87
2.87
2.88
2.88
2.88
2.88
2.89
2.89
2.90
2.90
2.91
2.92
2.92
2.93
2.94
2.95
2.97
2.98
2.99
3.01
3.02
3.04
3.06
3.08
3.10
3.12
3.14
3.16
3.18
3.20
3.22
3.24
-2.99
-2.65
-2.36
-2.14
-1.96
-1.82
-1.72
-1.65
-1.61
-1.60
-1.61
-1.63
-1.67
-1.73
-1.79
-1.85
-1.90
-1.94
-1.96
-1.93
-1.86
-1.74
-1.61
-1.50
-1.44
-1.43
-1.47
-1.56
-1.70
-1.90
-2.14
-2.43
-2.76
-3.14
-3.56
-4.01
-4.48
-4.98
-5.48
-5.98
-6.47
-6.94
3.18
3.10
3.03
2.98
2.95
2.92
2.91
2.89
2.89
2.88
2.88
2.88
2.88
2.88
2.88
2.88
2.89
2.89
2.90
2.90
2.91
2.92
2.92
2.93
2.94
2.96
2.97
2.99
3.01
3.03
3.06
3.09
3.12
3.16
3.20
3.25
-5.16
-4.66
-4.25
-3.91
-3.64
-3.44
-3.29
-3.20
-3.16
-3.16
-3.22
-3.31
-3.45
-3.63
-3.85
-4.11
-4.39
-4.70
-5.02
-5.34
-5.62
-5.85
-5.97
-5.95
-5.74
-5.36
-4.85
-4.29
-3.79
-3.37
-3.04
-2.80
-2.64
-2.54
-2.51
-2.53
-2.60
-2.72
-2.88
-3.08
-3.33
-3.59
-3.88
-4.20
-4.58
-5.00
-5.47
-5.98
-6.53
3.20
3.14
3.08
3.04
3.00
2.98
2.96
2.94
2.93
2.93
2.92
2.92
2.91
2.91
2.91
2.91
2.91
2.92
2.92
2.92
2.93
2.93
2.93
2.94
2.95
2.95
2.96
2.97
2.98
2.99
3.00
3.01
3.03
3.05
3.06
3.08
3.10
3.13
3.15
3.18
3.20
3.23
-5.52
-4.75
-4.07
-3.50
-3.01
-2.59
-2.24
-1.95
-1.72
-1.53
-1.39
-1.29
-1.23
-1.21
-1.22
-1.27
-1.36
-1.49
-1.65
-1.84
-2.08
-2.34
-2.60
-2.80
-2.89
-2.88
-2.77
-2.57
-2.28
3.22
3.19
3.15
3.13
3.10
3.08
3.06
3.05
3.03
3.02
3.01
3.00
2.99
2.99
2.98
2.98
2.98
2.97
2.97
2.97
2.97
2.97
2.98
2.98
2.98
2.99
2.99
3.00
3.01
3.02
3.03
3.04
3.06
3.07
3.09
3.11
3.13
3.16
3.19
3.22
2.85
2.86
2.87
2.88
2.89
2.90
2.90
2.91
2.91
2.91
2.91
2.91
2.91
2.91
2.91
2.91
2.90
2.90
2.89
2.89
2.88
2.87
2.86
2.86
2.85
2.84
2.83
2.82
2.81
2.80
2.79
2.77
2.76
2.75
2.74
2.73
2.72
2.71
2.70
2.69
2.68
2.67
2.66
2.66
2.65
2.64
2.64
2.63
2.63
2.62
2.62
2.62
2.62
2.62
2.62
2.62
2.62
2.62
2.62
2.62
2.62
2.62
2.62
2.62
2.62
2.62
2.62
2.62
2.62
2.62
2.62
2.62
2.62
2.62
2.62
2.62
2.62
2.61
2.61
2.61
2.61
2.61
2.61
2.61
2.61
2.61
2.61
2.61
2.61
2.61
2.61
2.61
2.61
2.61
2.61
2.61
2.60
2.60
2.60
2.60
2.60
2.60
2.60
2.60
2.60
2.60
2.60
2.60
2.60
2.59
2.59
2.59
2.59
2.59
2.59
2.59
2.59
2.59
2.58
2.58
2.58
2.58
2.58
2.58
2.57
2.57
2.57
2.57
2.57
2.56
2.56
2.56
2.56
2.56
2.55
2.55
2.55
2.55
2.55
2.54
2.54
2.54
2.54
2.54
2.53
2.53
2.53
2.53
2.52
2.52
2.52
2.52
2.51
2.51
2.51
2.50
2.50
2.50
2.50
2.49
2.49
2.49
2.48
2.48
2.48
2.47
2.47
2.47
2.46
2.46
2.46
2.45
2.45
2.45
2.44
2.44
2.44
2.43
2.43
2.42
2.42
2.42
2.41
2.41
2.40
2.40
2.39
