0.54
0.46
0.43
0.47
0.52
0.57
0.62
0.65
0.68
0.75
0.82
0.81
0.84
0.86
1.06
0.89
0.94
0.88
0.90
0.88
0.89
0.89
0.90
0.91
0.92
0.93
0.94
0.96
0.97
0.98
0.98
0.99
0.99
0.99
0.99
0.99
0.99
1.00
1.01
1.02
1.04
1.07
1.11
1.16
1.23
1.27
1.30
1.31
1.32
1.32
1.32
1.33
1.34
1.36
1.39
1.43
1.56
1.72
1.92
2.07
2.29
2.38
2.60
2.81
2.94
2.99
2.96
2.84
2.78
2.69
2.57
2.37
2.19
2.04
1.89
1.76
1.66
1.57
1.52
1.47
1.45
1.44
1.45
1.46
1.49
1.52
1.57
1.61
1.67
1.72
1.78
1.83
1.88
1.93
2.01
2.08
2.18
2.26
2.33
2.40
2.48
2.56
2.64
2.73
2.82
2.91
3.01
3.12
3.23
3.34
3.46
3.59
3.72
3.87
4.03
4.20
4.39
4.60
4.82
5.07
0.79
1.04
1.30
1.59
1.87
2.10
2.45
2.72
2.67
2.54
2.39
2.17
1.90
1.68
1.47
1.24
1.02
0.80
0.58
0.36
0.15
-0.05
-0.24
-0.43
-0.60
-0.76
-0.92
-1.06
-1.18
-1.30
-1.40
-1.49
-1.56
-1.62
-1.68
-1.71
-1.74
-1.76
-1.78
-1.78
-1.79
-1.78
-1.80
-1.86
-1.66
-1.46
-1.31
-1.20
-1.11
-1.04
-0.99
-0.96
-0.92
-0.91
-0.91
-0.91
-0.91
-0.91
-0.88
-0.86
-0.84
-0.83
-0.82
-0.81
-0.82
-0.81
-0.82
-0.82
-0.83
-0.84
-0.84
-0.87
-0.86
-0.90
-0.89
-0.92
-0.89
-0.92
-0.89
-0.91
-0.89
-0.90
-0.90
-0.90
-0.91
-0.93
-0.92
-0.91
-0.96
-0.94
-0.95
-0.98
-1.00
-1.02
-1.03
-1.07
-1.08
-1.13
-1.14
-1.21
-1.20
-1.26
-1.31
-1.33
-1.39
-1.46
-1.49
-1.54
-1.58
-1.64
-1.70
-1.82
-1.95
-2.11
-2.24
-2.40
-2.54
-2.70
-2.85
-3.03
-3.21
-3.41
-3.60
-3.83
-4.06
-4.31
-4.58
-4.87
-5.19
-5.58
-6.03
-6.56
-7.17
-7.85
-8.63
-9.51
-10.54
-0.48
-0.62
-0.76
-0.92
-1.10
-1.30
-1.51
-1.70
-1.96
-2.25
-2.31
-2.27
-2.21
-2.10
-1.96
-1.78
-1.57
-1.34
-1.09
-0.83
-0.55
-0.36
-0.37
-0.26
-0.23
-0.15
-0.10
-0.03
0.03
0.09
0.15
0.21
0.26
0.32
0.38
0.44
0.50
0.56
0.62
0.68
0.74
0.79
0.85
0.91
0.97
1.02
1.07
1.13
1.17
1.22
1.26
1.30
1.32
1.31
1.27
1.22
1.16
1.11
1.05
1.00
0.96
0.92
0.88
0.86
0.83
0.82
0.80
0.80
0.82
0.85
0.87
0.89
0.91
0.94
0.96
0.99
1.04
1.09
1.02
0.99
0.96
0.96
0.95
0.96
0.97
0.98
1.00
1.02
1.05
1.08
1.12
1.17
1.22
1.28
1.34
1.39
1.48
1.54
1.62
1.71
1.80
1.89
1.99
2.09
2.18
2.26
2.35
2.45
2.56
2.67
2.79
2.91
3.05
3.19
3.34
3.49
3.66
3.84
4.02
4.22
4.43
4.66
4.90
5.15
5.43
5.72
6.03
6.37
6.74
7.14
7.57
8.04
8.56
9.12
0.38
0.57
0.76
0.93
1.10
1.26
1.37
1.39
1.30
1.11
0.94
0.79
0.65
0.52
0.40
0.29
0.19
0.09
-0.01
-0.10
-0.18
-0.27
-0.35
-0.43
-0.51
-0.58
-0.66
-0.74
-0.81
-0.89
-0.97
-1.05
-1.14
-1.23
-1.33
-1.43
-1.54
-1.66
-1.79
-1.93
-2.09
-2.26
-2.46
-2.68
-2.93
-3.20
-3.51
-3.87
-4.26
-4.70
-5.20
-5.67
-5.75
-5.87
-6.04
-6.25
-6.52
-6.84
-7.22
-7.66
-8.17
-8.75
-9.42
-10.19
-11.06
-7.79
-7.69
-7.55
-7.37
-7.14
-6.89
-6.60
-6.25
-5.63
-4.72
-3.97
-3.39
-2.90
-2.49
-2.15
-1.86
-1.61
-1.41
-1.23
-1.08
-0.95
-0.83
-0.73
-0.64
-0.56
-0.49
-0.42
-0.36
-0.31
-0.23
-0.05
0.12
0.27
0.39
0.51
0.61
0.71
0.80
0.89
0.98
1.07
1.16
1.26
1.36
1.46
1.57
1.68
1.80
1.93
2.06
2.20
2.35
2.51
2.68
2.91
3.15
3.43
3.73
4.06
4.40
4.76
5.14
5.54
5.95
6.38
6.84
7.34
7.88
8.47
9.11
9.81
10.58
11.44
12.39
13.46
6.89
6.72
6.51
6.28
6.03
5.77
5.51
5.26
4.86
4.46
3.84
3.33
2.92
2.59
2.31
2.07
1.87
1.69
1.54
1.40
1.28
1.16
1.06
0.96
0.87
0.79
0.71
0.63
0.55
0.48
0.41
0.34
0.27
0.20
0.14
0.07
0.00
-0.06
-0.13
-0.19
-0.25
-0.45
-0.64
-0.82
-0.97
-1.10
-1.21
-1.32
-1.41
-1.50
-1.58
-1.66
-1.75
-1.84
-1.94
-2.04
-2.16
-2.29
-2.43
-2.59
-2.77
-2.97
-3.20
-3.45
-3.73
-4.04
-4.39
-4.78
-5.21
-5.69
-6.22
-6.80
-7.46
-8.19
-9.00
-9.91
-10.94
-12.09
-13.40
-14.87
-16.56
-18.50
-20.75
-23.35
-14.20
-13.80
-13.31
-12.77
-12.19
-11.59
-10.98
-10.37
-9.76
-9.17
-8.58
-7.61
-6.77
-6.03
-5.41
-4.85
-4.37
-3.72
-3.11
-2.61
-2.20
-1.86
-1.58
-1.35
-1.16
-0.99
-0.84
-0.73
-0.65
-0.58
-0.51
-0.46
-0.40
-0.35
-0.30
-0.26
-0.21
-0.17
-0.12
-0.08
-0.04
0.00
0.04
0.08
0.12
0.16
0.20
0.24
0.28
0.32
0.35
0.39
0.44
0.48
0.52
0.57
0.62
0.68
0.74
0.80
0.88
0.96
1.05
1.15
1.27
1.41
1.56
1.73
1.92
2.13
2.38
2.65
2.95
3.30
3.67
4.09
4.55
5.06
5.61
6.21
6.86
7.55
8.29
9.06
9.83
10.71
11.70
12.76
13.87
15.05
16.28
105.95
96.44
87.81
80.05
73.09
66.95
61.58
56.91
52.87
49.39
46.39
41.31
37.20
33.95
31.93
33.98
34.57
33.96
32.44
30.27
27.70
24.92
20.84
17.02
12.78
8.64
5.52
3.26
1.83
0.75
-0.16
-0.05
0.12
0.08
-1.01
-1.87
-2.70
-3.48
-4.25
-5.02
-5.83
-6.68
-7.58
-8.55
-9.59
-10.70
-11.91
-13.20
-14.58
-16.05
-17.61
-19.26
-21.01
-22.94
-25.09
-27.48
-30.15
-33.13
-36.47
-40.18
-44.27
-48.69
-53.33
-56.70
-52.41
-44.72
-33.22
-34.86
-46.77
-60.65
-76.75
-33.52
-27.80
-22.80
-18.53
-14.96
-11.79
-8.53
-6.19
-4.52
-3.33
-2.48
-1.86
-1.40
-1.06
-0.80
-0.60
-0.44
-0.32
-0.20
-0.10
-0.00
0.08
0.15
0.22
0.28
0.32
0.34
0.36
0.36
0.36
0.34
0.31
0.27
0.22
0.18
0.11
0.03
-0.06
-0.17
-0.29
-0.41
-0.55
-0.69
-0.83
-0.91
-1.00
-1.06
-0.91
-0.80
-0.68
-0.58
-0.49
-0.40
-0.32
-0.23
-0.14
-0.03
0.08
0.20
0.33
0.49
0.66
0.86
1.09
1.36
1.69
2.08
2.56
3.16
3.96
4.92
6.10
7.57
9.41
11.69
14.48
17.83
21.78
26.33
31.63
514.32
445.18
377.31
311.35
247.47
185.50
125.01
65.39
5.89
-54.30
-116.09
-180.41
-248.24
-320.56
-398.31
-482.41
-573.59
-672.34
-778.70
-891.96
-1010.23
-1129.84
-1244.48
-1344.03
-1413.18
-1430.15
-1366.17
-1187.61
-863.11
-378.00
-74.67
-46.99
-24.90
-13.28
-7.45
-4.41
-2.74
-1.75
-1.13
-0.73
-0.45
-0.25
-0.11
0.00
0.09
0.17
0.23
0.30
0.38
0.47
0.56
0.69
0.84
1.03
1.24
1.51
1.87
2.32
2.88
3.59
4.40
5.52
6.82
8.55
10.60
13.22
16.42
20.33
25.03
30.73
808.01
695.45
588.77
488.32
393.82
304.63
219.88
138.57
59.71
-17.73
-94.71
-172.10
-250.68
-331.00
-413.40
-497.77
-583.50
-669.13
-752.09
-828.19
-891.06
-931.40
-936.19
-888.05
-765.48
-544.96
-207.23
250.84
770.39
986.83
1005.32
919.34
787.58
643.27
503.56
376.25
264.09
167.26
84.77
15.15
-43.14
-91.57
-131.50
-164.14
-190.54
-192.14
-183.53
-170.44
-154.53
-137.08
-37.43
-31.02
-25.07
-18.87
-12.11
-7.98
-5.38
-3.70
-2.57
-1.79
-1.22
-0.80
-0.47
-0.21
-0.00
0.17
0.32
0.44
0.55
0.66
0.78
0.92
1.07
