4.15
4.15
4.15
4.15
4.14
4.14
4.13
4.13
4.12
4.11
4.10
4.09
4.07
4.06
4.04
4.02
3.99
3.97
3.93
3.90
3.86
3.82
3.77
3.72
3.67
3.60
3.54
3.47
3.39
3.32
3.24
3.16
3.08
3.00
2.91
2.82
2.74
2.65
2.56
2.48
2.40
2.32
2.25
2.18
2.11
2.05
1.99
1.93
1.87
1.82
1.77
1.72
1.68
1.64
1.61
1.57
1.54
1.51
1.48
1.45
1.42
1.39
1.37
1.34
1.32
1.30
1.28
1.26
1.23
1.21
1.19
1.17
1.15
1.14
1.12
1.10
1.08
1.06
1.05
1.03
1.02
1.00
0.98
0.97
0.95
0.94
0.93
0.91
0.90
0.89
0.88
0.86
0.86
0.85
0.84
0.83
0.82
0.81
0.80
0.80
0.79
0.78
0.78
0.77
0.76
0.76
0.75
0.75
0.75
0.74
0.74
0.73
0.73
0.72
0.72
0.72
0.71
0.71
0.71
0.70
0.70
0.70
0.70
0.70
0.70
0.69
0.69
0.69
0.69
0.69
0.69
0.68
0.68
0.68
0.68
0.68
0.68
0.68
0.67
0.67
0.67
0.67
0.67
0.67
0.67
0.66
0.66
0.66
0.66
0.66
0.66
0.65
0.65
0.65
0.65
0.65
0.65
0.64
0.64
0.64
0.64
0.64
0.63
0.63
0.63
0.63
0.62
0.62
0.62
0.62
0.61
0.61
0.61
0.61
0.60
0.60
0.60
0.60
0.59
0.59
0.59
0.59
0.58
0.58
0.58
0.58
0.58
0.57
0.57
0.57
0.57
0.57
0.57
0.57
0.56
0.56
0.56
0.56
0.56
0.56
0.56
0.56
0.56
0.56
0.56
0.56
0.56
2.96
2.92
2.87
2.80
2.71
2.60
2.48
2.34
2.19
2.02
1.82
1.59
1.31
0.97
0.54
0.03
-0.58
-1.31
-2.17
-3.18
-4.36
-5.72
-7.30
-9.11
-11.20
-13.60
-16.35
-19.48
-23.06
-27.13
-31.76
-37.01
-42.96
-49.68
-57.28
-65.83
-75.46
-86.26
-98.35
-111.87
-126.92
-143.57
-161.85
-181.83
-203.63
-227.30
-252.92
-280.50
-310.03
-341.45
-374.62
-409.28
-445.08
-481.69
-518.71
-555.06
-589.33
-619.75
-644.27
-660.65
-666.67
-660.83
-644.88
-626.10
-608.40
-593.70
-582.78
-575.78
-572.54
-572.76
-576.07
-582.05
-590.33
-600.51
-612.27
-625.27
-639.23
-653.88
-669.00
-684.42
-700.01
-715.62
-731.13
-746.41
-761.38
-775.94
-790.02
-803.56
-816.51
-828.82
-840.45
-851.38
-861.58
-871.03
-879.70
-887.59
-894.67
-900.94
-906.37
-910.97
-914.70
-917.58
-919.57
-920.69
-920.90
-920.22
-918.62
-916.10
-912.66
-908.29
-902.98
-896.74
-889.57
-881.47
-872.44
-862.49
-851.64
-839.90
-827.29
-813.82
-799.51
-784.39
-768.48
-751.81
-734.26
-715.69
-696.13
-675.58
-654.06
-631.61
-608.27
-584.09
-559.16
-533.55
-507.37
-480.72
-453.72
-426.51
-399.23
-372.01
-345.00
-318.35
-292.21
-266.71
-241.99
-218.17
-195.37
-173.70
-153.23
-134.06
-116.23
-99.78
-84.73
-71.09
-58.85
-47.89
-38.15
-29.60
-22.22
-15.96
-10.75
-6.51
-3.15
-0.58
1.32
2.63
3.48
3.95
4.14
4.12
3.97
3.76
3.51
3.28
3.07
2.89
2.75
2.64
2.55
2.49
2.45
2.42
2.39
2.38
2.38
2.39
2.41
2.45
2.52
2.63
2.79
3.00
3.28
3.64
4.10
4.67
0.63
0.63
0.62
0.62
0.62
0.61
0.61
0.61
0.60
0.60
0.60
0.59
0.59
0.59
0.58
0.58
0.58
0.58
0.57
0.57
0.57
0.57
0.57
0.57
0.57
0.56
0.56
0.56
0.56
0.56
0.56
0.56
0.56
0.56
0.56
63.37
61.89
60.47
59.13
57.86
56.69
55.60
54.56
53.54
52.55
51.57
50.61
49.73
48.96
48.31
47.77
47.33
47.00
46.77
46.65
46.62
46.69
46.76
46.83
46.92
47.01
47.12
47.23
47.35
47.47
47.61
47.74
47.87
47.99
48.11
48.21
48.32
48.41
48.50
48.59
48.74
48.83
48.97
49.16
49.29
49.35
49.46
49.61
49.70
49.71
49.77
0.56
0.56
0.56
0.56
0.56
0.56
0.56
0.56
0.56
0.56
0.56
0.56
0.56
0.56
0.56
0.56
0.56
0.56
0.56
0.56
0.56
0.56
0.56
0.56
0.56
0.56
0.56
0.56
0.56
0.56
0.56
0.56
0.56
0.56
0.56
0.56
0.56
0.56
0.56
0.56
0.56
23.48
22.41
21.56
20.89
20.35
19.91
19.57
19.29
19.06
18.87
18.70
18.57
18.47
18.40
18.36
18.35
18.37
18.42
18.50
18.61
18.75
18.92
19.12
19.36
19.62
19.92
20.26
20.63
21.03
21.47
21.96
22.48
23.04
23.59
24.12
24.68
25.25
25.82
26.35
26.86
27.35
27.80
28.21
28.60
28.99
29.38
29.72
30.07
30.42
30.72
31.02
31.33
31.58
31.84
32.10
32.34
32.57
32.81
33.04
33.22
0.56
0.56
0.56
0.56
0.56
0.56
0.56
0.56
0.56
0.56
0.56
0.56
0.56
0.56
0.56
0.56
0.56
0.56
0.56
0.56
0.56
0.56
0.56
0.56
0.57
0.57
0.57
0.57
0.57
0.57
0.57
0.57
0.57
0.57
0.57
0.57
0.57
0.57
0.57
0.57
0.57
0.57
0.56
0.56
0.56
0.56
0.56
0.56
0.56
0.56
0.56
0.56
0.56
0.56
0.56
0.56
0.56
0.56
0.56
0.56
0.56
0.56
0.56
0.56
0.56
0.56
0.56
0.56
0.56
0.56
0.56
0.56
0.56
0.56
0.56
0.56
0.56
0.56
0.56
0.56
0.56
0.56
0.56
0.56
0.56
0.56
0.56
0.56
0.56
0.56
0.56
0.56
0.56
0.56
0.56
0.56
0.56
0.56
0.56
0.56
0.56
0.56
0.56
0.56
0.56
0.56
0.56
0.56
0.56
0.56
0.56
0.56
0.56
0.56
0.56
0.56
0.56
0.56
0.56
0.56
0.56
0.56
0.56
0.56
0.56
0.56
0.56
0.56
0.56
0.56
3.22
3.27
3.31
3.36
3.41
3.45
3.50
3.54
3.58
3.62
3.66
3.70
3.73
3.77
3.80
3.83
3.85
3.88
3.90
3.93
3.95
3.97
3.99
4.00
4.02
4.03
4.04
4.05
4.06
4.07
4.08
4.09
4.10
4.10
4.11
4.11
4.12
4.12
4.12
4.13
4.13
4.13
4.13
4.14
4.14
4.14
4.14
4.14
4.14
4.14
4.14
4.14
4.14
4.14
4.14
4.14
4.14
4.14
4.14
4.14
4.14
4.14
4.14
4.14
4.14
4.14
4.14
4.14
4.14
4.13
4.13
4.13
4.13
4.13
4.13
4.12
4.12
4.12
4.12
4.11
4.11
4.10
4.10
4.09
4.09
4.08
4.07
4.07
4.06
4.05
4.04
4.03
4.02
4.01
4.00
3.98
3.97
3.95
3.93
3.92
3.90
3.87
3.85
3.83
3.81
3.79
3.77
3.75
3.73
3.71
3.69
3.67
3.65
3.63
3.60
3.58
3.56
3.54
3.52
3.50
3.48
3.45
3.43
3.41
3.38
3.36
3.34
3.31
3.29
3.27
3.24
3.22
3.19
3.17
3.15
3.12
3.10
3.07
3.05
3.03
3.01
2.99
2.96
2.94
2.91
2.89
2.86
2.83
2.80
2.77
2.75
2.72
2.70
2.67
2.65
2.63
2.61
2.59
2.57
2.56
2.54
2.53
2.51
2.50
2.49
2.48
2.47
2.46
2.45
2.44
2.43
2.43
2.42
2.41
2.41
2.40
2.40
2.39
2.39
2.39
2.38
2.38
2.38
2.38
2.38
2.38
2.38
2.38
2.38
2.39
2.39
2.40
2.40
2.41
2.42
2.44
2.45
2.47
2.49
2.51
2.54
2.57
2.60
2.64
2.68
2.73
2.78
2.84
2.90
2.97
3.04
3.12
3.21
3.30
3.40
3.51
3.63
3.76
3.90
4.05
4.21
1.01
1.03
1.04
1.05
1.05
1.06
1.06
1.06
1.06
1.06
1.06
1.06
1.06
1.06
1.06
1.06
1.06
1.06
1.06
1.06
1.06
1.06
1.07
1.07
1.07
1.08
1.08
1.09
1.09
1.10
1.11
1.12
1.12
1.13
1.14
1.14
1.15
1.15
1.16
1.16
1.16
1.16
1.17
1.17
1.17
1.17
1.17
1.16
1.16
1.16
1.15
1.14
1.13
1.11
1.08
1.06
1.03
1.00
0.98
0.95
0.93
0.90
0.88
0.86
0.83
0.81
0.79
0.77
0.76
0.74
0.72
0.71
0.70
0.68
0.67
0.66
0.65
0.64
0.63
0.63
0.62
0.61
0.61
0.60
0.60
0.59
0.59
0.58
0.58
0.58
0.58
0.57
0.57
0.57
0.57
0.57
0.57
0.56
0.56
0.56
0.56
0.56
0.56
0.56
0.56
0.56
0.56
0.56
0.56
0.56
0.56
0.56
0.56
2.45
2.44
2.44
2.44
2.43
2.43
2.43
2.43
2.43
2.43
2.43
2.43
2.43
2.43
2.43
2.43
2.43
2.43
2.43
2.44
2.44
2.44
2.44
2.44
2.45
2.45
2.45
2.45
2.46
2.46
2.46
2.46
2.47
2.47
2.47
2.47
2.48
2.48
2.48
2.48
2.48
2.48
2.48
2.48
2.48
2.48
2.48
2.48
2.48
2.49
2.50
2.51
2.53
2.55
2.57
2.60
2.63
2.67
2.71
2.76
2.81
2.86
2.92
2.99
3.05
3.13
3.20
3.29
3.38
3.47
3.57
3.67
3.78
3.90
4.02
4.15
0.56
0.56
0.56
0.56
0.57
0.57
0.57
0.57
0.57
0.57
0.58
0.58
0.58
0.58
0.58
0.58
0.58
0.58
0.58
0.57
0.57
0.57
0.57
0.57
0.57
0.57
0.57
0.57
0.57
0.57
0.56
0.56
0.56
0.56
0.56
0.56
0.56
0.56
0.56
0.56
0.56
0.56
7.65
7.45
7.27
7.12
6.99
6.89
6.80
6.73
6.66
6.60
6.55
6.52
6.49
6.48
6.48
6.49
6.51
6.55
6.60
6.67
6.76
6.86
6.98
7.13
7.29
7.48
7.69
7.93
8.21
8.51
8.84
9.21
9.61
10.05
10.54
11.08
11.67
12.32
13.03
13.81
14.66
15.60
16.63
17.70
18.75
19.78
20.78
21.74
22.66
23.55
24.45
25.37
26.30
27.21
28.12
29.00
29.85
30.66
31.42
32.12
32.76
33.33
33.82
34.33
34.85
35.28
35.72
36.17
0.56
0.56
0.56
0.56
0.56
0.56
0.56
0.57
0.57
0.57
0.57
0.57
0.57
0.57
0.57
0.57
0.57
0.57
0.57
0.57
0.57
0.57
0.57
0.57
0.57
0.57
0.57
0.57
0.57
0.56
0.56
0.56
0.56
0.56
0.56
0.56
0.56
0.56
0.56
0.56
0.56
0.56
72.80
70.19
68.09
66.46
65.29
64.42
63.71
63.18
62.80
62.60
62.35
62.06
61.93
61.77
61.56
61.32
61.04
60.93
60.78
60.59
60.37
60.11
60.02
59.89
59.73
59.54
59.31
59.25
59.15
59.02
58.86
58.67
58.64
58.58
58.49
58.37
58.21
58.03
57.81
57.76
57.69
57.57
57.43
57.26
57.25
57.22
57.25
57.52
57.83
58.15
58.45
58.73
58.96
59.12
59.21
59.21
59.11
59.08
59.09
58.94
58.83
58.77
58.75
0.56
0.56
0.56
0.56
0.56
0.56
0.56
0.56
0.56
0.56
0.56
0.57
0.57
0.57
0.57
0.57
0.57
0.57
0.57
0.57
0.57
0.57
0.58
0.58
0.58
0.58
0.58
0.58
0.58
0.58
0.58
0.58
0.58
0.57
0.57
0.57
0.57
0.57
0.57
0.57
0.57
0.57
0.57
0.56
0.56
0.56
0.56
0.56
0.56
0.56
0.56
0.56
0.56
0.56
35.43
33.01
30.92
29.14
27.59
26.23
25.05
24.01
23.13
22.38
21.74
21.18
20.72
20.33
20.01
19.72
19.48
19.30
19.18
19.11
19.09
19.12
19.20
19.34
19.53
19.78
20.08
20.45
20.87
21.36
21.92
22.46
22.98
23.48
23.96
24.43
24.86
25.28
25.67
26.04
26.38
26.70
26.99
27.28
27.56
27.82
28.05
28.33
28.56
28.76
28.97
29.17
29.35
29.49
29.71
29.88
30.02
30.13
30.21
30.38
30.52
30.65
30.85
31.00
31.10
31.27
31.48
31.61
31.72
31.81
31.92
32.05
32.13
32.22
32.27
32.34
32.40
32.48
32.55
32.63
32.71
32.79
32.87
32.95
33.02
33.08
33.12
0.56
0.56
0.56
0.56
0.56
0.57
0.57
0.57
0.58
0.58
0.59
0.60
0.61
0.62
0.63
0.65
0.66
0.67
0.68
0.70
0.71
0.72
0.73
0.75
0.76
0.76
0.77
0.78
0.79
0.79
0.80
0.80
0.81
0.81
0.81
0.81
0.82
0.82
0.82
0.82
0.83
0.83
0.84
0.84
0.84
0.85
0.85
0.85
0.86
0.86
0.86
0.87
0.87
0.87
0.87
0.87
0.87
0.87
0.87
0.87
0.87
0.87
0.87
0.86
0.86
0.85
0.84
0.84
0.83
0.82
0.81
0.79
0.78
0.77
0.76
0.74
0.73
0.72
0.70
0.69
0.67
0.66
0.65
0.64
0.62
0.61
0.60
0.59
0.59
0.58
0.57
0.57
0.57
0.57
0.56
0.56
0.56
0.56
0.56
0.56
0.56
2.54
2.50
2.46
2.44
2.42
2.40
2.39
2.39
2.38
2.38
2.38
2.38
2.38
2.38
2.39
2.39
2.39
2.40
2.40
2.40
2.41
2.41
2.42
2.42
2.43
2.43
2.44
2.44
2.45
2.45
2.45
2.46
2.46
2.46
2.47
2.47
2.47
2.48
2.48
2.48
2.49
2.49
2.49
2.49
2.50
2.50
2.50
2.50
2.50
2.50
2.50
2.50
2.50
2.50
2.50
2.50
2.50
2.50
2.50
2.49
2.49
2.49
2.49
2.48
2.48
2.47
2.47
2.46
2.46
2.45
2.45
2.44
2.43
2.43
2.42
2.41
2.41
2.40
2.40
2.39
2.39
2.38
2.38
2.38
2.38
2.38
2.38
2.39
2.40
2.42
2.44
2.48
2.53
2.59
2.67
2.78
2.90
3.06
3.23
3.44
3.67
3.94
4.23
0.58
0.59
0.59
0.60
0.61
0.62
0.63
0.64
0.65
0.67
0.68
0.70
0.71
0.73
0.74
0.76
0.78
0.80
0.81
0.83
0.85
0.87
0.88
0.90
0.92
0.93
0.95
0.97
0.98
1.00
1.02
1.03
1.05
1.06
1.08
1.09
1.11
1.12
1.13
1.14
1.15
1.16
1.17
1.18
1.18
1.19
1.19
1.19
1.19
1.19
1.19
1.18
1.18
1.17
1.16
1.15
1.14
1.13
1.11
1.10
1.08
1.06
1.04
1.02
1.00
0.98
0.95
0.93
0.90
0.87
0.85
0.82
0.80
0.77
0.75
0.72
0.70
0.68
0.66
0.64
0.62
0.61
0.60
0.59
0.58
0.57
0.57
0.57
0.56
0.56
0.56
0.56
0.56
0.56
0.56
2.73
2.65
2.58
2.53
2.49
2.46
2.44
2.42
2.41
2.40
2.39
2.38
2.38
2.38
2.38
2.38
2.38
2.38
2.38
2.39
2.39
2.39
2.40
2.40
2.40
2.41
2.41
2.42
2.42
2.42
2.43
2.43
2.44
2.44
2.44
2.45
2.45
2.45
2.46
2.46
2.47
2.47
2.47
2.48
2.48
2.48
2.48
2.49
2.49
2.49
2.49
2.49
2.49
2.49
2.49
2.48
2.48
2.48
2.47
2.47
2.46
2.46
2.45
2.45
2.44
2.44
2.43
2.43
2.42
2.41
2.41
2.40
2.40
2.39
2.39
2.38
2.38
2.38
2.38
2.38
2.38
2.39
2.40
2.42
2.44
2.48
2.53
2.59
2.67
2.77
2.89
3.03
3.20
3.39
3.60
3.84
4.11
4.40
0.58
0.59
0.60
0.62
0.64
0.66
0.68
0.70
0.73
0.76
0.79
0.82
0.85
0.89
0.92
0.96
0.99
1.02
1.06
1.09
1.12
1.15
1.18
1.21
1.23
1.26
1.27
1.29
1.31
1.32
1.33
1.35
1.36
1.37
1.38
1.39
1.39
1.40
1.41
1.42
1.43
1.43
1.44
1.45
1.45
1.46
1.46
1.46
1.46
1.46
1.46
1.46
1.46
1.45
1.45
1.44
1.44
1.43
1.42
1.41
1.40
1.39
1.38
1.37
1.36
1.35
1.33
1.31
1.29
1.27
1.24
1.21
1.18
1.15
1.12
1.08
1.05
1.01
0.97
0.93
0.90
0.86
0.82
0.79
0.76
0.73
0.70
0.67
0.65
0.63
0.61
0.60
0.59
0.58
0.57
0.57
0.56
0.56
0.56
0.56
0.56
0.56
2.83
2.75
2.68
2.63
2.59
2.55
2.52
2.49
2.47
2.45
2.44
2.43
2.42
2.41
2.40
