-5.27
-7.07
-3.66
-8.41
-6.64
-1.94
-3.67
-0.52
-0.56
0.08
-0.31
-0.75
-0.09
-0.27
-0.09
-0.40
-0.12
-0.65
-0.23
-1.08
-0.40
-1.36
1.34
0.34
-0.16
0.78
-0.75
0.18
-0.62
0.20
-0.65
-1.06
-2.44
-1.26
-3.06
-0.73
-1.95
0.84
-1.06
0.49
-1.38
-5.09
-4.92
-0.64
-5.15
-1.84
-3.72
0.44
-2.38
0.84
-1.79
-2.24
-3.67
-1.16
-1.54
-0.70
-1.67
-0.50
-1.65
-1.84
-0.55
0.57
0.97
1.16
1.57
0.95
1.68
1.14
3.86
1.93
3.94
0.79
2.41
0.45
2.98
4.78
3.64
4.82
-0.54
1.31
2.15
-0.39
6.99
0.25
1.42
4.84
4.59
0.11
-0.77
2.53
-1.02
-3.29
-1.81
-2.08
-1.91
-0.82
-0.80
-0.66
-0.24
-0.25
-0.14
-0.27
-0.59
-1.63
-0.07
-1.20
-0.02
-1.02
-2.03
-1.01
-2.55
-1.28
-2.97
-0.44
-4.05
-1.77
-3.13
-3.78
-3.48
-4.17
-4.96
-2.63
-3.40
-3.14
1.66
0.92
-0.04
-0.45
0.56
0.47
1.61
1.84
1.33
1.77
1.69
2.83
4.71
5.91
5.38
1.26
5.43
8.49
8.80
4.43
5.95
6.87
5.86
4.74
1.96
0.14
-0.76
-1.65
-2.00
-2.32
-3.71
-1.71
-4.68
-1.66
-5.51
-4.91
-3.99
-6.85
-5.25
-5.36
-0.16
-0.96
-1.32
-2.11
-6.49
-9.10
-12.87
-8.45
4.96
12.84
1.22
0.31
1.59
5.46
-0.91
7.07
3.47
1.37
1.71
1.24
0.90
1.19
0.54
1.64
1.30
1.22
2.28
1.23
2.56
2.18
3.72
2.07
5.40
4.10
8.56
6.01
10.49
0.29
0.74
0.49
0.26
1.01
2.04
2.04
-2.64
-0.92
-0.91
-0.21
-0.30
-0.21
-0.38
-2.13
-2.99
-3.97
-4.40
-1.13
-5.26
-5.83
-9.24
-5.71
-9.41
-1.99
-2.78
-2.75
-2.39
-3.19
-4.88
-6.75
-6.94
-0.58
2.92
8.79
1.76
0.65
2.08
3.77
1.21
1.84
2.87
2.91
2.88
3.38
2.05
4.88
5.87
8.57
10.27
21.08
0.90
2.15
2.52
1.44
0.49
0.71
2.36
3.91
1.78
-0.28
-3.29
-3.05
-0.92
-0.37
-0.79
-0.29
-0.19
-0.65
-2.31
-3.46
-5.54
-6.54
-9.23
-8.52
-11.55
-4.54
-5.22
-4.78
-3.69
-2.20
-2.49
-1.91
-0.01
-1.36
0.54
2.72
0.21
1.67
1.71
1.63
1.72
1.35
2.01
2.87
1.69
2.57
2.97
6.58
5.98
10.32
16.41
2.99
3.57
2.73
0.80
0.83
8.55
20.64
28.97
3.92
-9.49
-11.52
0.13
-6.01
3.01
-11.75
-9.77
-7.77
-3.73
-2.23
-1.00
-0.27
-0.20
-0.45
-2.08
-4.27
-4.19
-11.06
-11.01
-8.92
-6.46
-4.78
-5.33
-5.22
-3.31
-2.15
-1.68
-0.51
1.02
-0.84
0.70
0.21
1.17
0.47
0.07
0.59
0.69
0.41
-0.01
0.92
-0.12
0.85
1.36
1.33
2.79
3.18
5.82
8.25
8.79
14.08
19.18
3.90
5.14
5.45
3.69
2.01
0.62
0.84
0.31
-0.21
-0.60
-0.25
-0.23
-0.80
-0.71
-1.38
-2.53
-4.34
-2.95
-7.35
-5.04
-7.55
-7.96
-8.21
0.37
-0.83
-1.75
-1.78
-1.98
-1.35
-0.34
0.20
1.31
1.76
2.84
2.19
1.96
2.18
4.41
4.28
5.61
5.40
7.69
14.29
14.91
27.01
54.67
13.38
14.13
10.42
6.64
3.66
1.31
1.10
13.04
56.63
86.95
97.05
88.67
-22.06
-83.18
-88.58
-58.34
-30.19
-18.90
-12.53
-11.02
-8.63
-5.87
-3.20
-1.12
-0.30
-1.40
-3.30
-3.63
-2.17
-1.34
-0.05
1.08
0.40
-0.73
-4.76
-5.40
-2.99
-5.30
-6.89
-11.48
1.76
0.55
-0.73
-1.94
-1.77
-1.40
-0.81
0.10
-0.33
-0.16
-0.69
0.35
-0.71
0.39
0.73
0.19
1.11
1.55
1.24
1.97
3.95
3.58
6.66
9.51
14.59
17.80
4.85
6.92
8.57
10.01
8.65
6.71
4.01
0.90
0.18
0.27
0.02
-0.13
-0.24
-0.05
-0.32
-1.09
-1.61
-4.58
-3.53
-4.54
-2.88
-3.80
-6.56
-2.78
-6.13
-2.82
-2.76
-2.26
-3.03
-30.77
-24.17
-19.57
-4.66
0.74
6.02
11.87
17.67
26.95
42.37
58.13
74.26
97.19
24.78
12.05
2.96
-0.27
-2.30
-4.93
-6.77
-10.02
-10.70
-10.95
-131.76
10.53
158.00
334.92
551.93
722.36
248.41
-351.51
-396.11
-78.70
119.34
19.41
14.22
5.97
2.50
1.34
0.28
-0.36
-0.92
-1.55
-1.68
-3.05
-2.41
-3.77
-10.27
-11.65
-10.28
-144.90
-85.22
-44.59
-17.46
0.18
7.15
19.66
77.73
162.83
32.17
14.01
3.02
-1.05
-3.79
-8.64
-12.42
-14.06
-94.38
-17.68
64.43
154.54
244.57
267.31
-11.98
-288.94
-73.20
115.54
286.15
20.17
10.57
3.24
-0.15
-2.45
-5.53
-8.09
-10.85
-11.15
-590.63
-291.21
-84.80
92.36
301.61
600.15
962.18
817.10
-454.15
-556.50
-520.76
-549.59
-597.21
-603.64
-473.00
-189.00
-64.33
-23.51
-9.44
-2.95
1.52
5.83
-4.67
-9.29
-5.43
-4.16
-1.53
0.40
2.55
5.35
4.04
7.46
8.23
4.09
-0.76
2.74
0.11
-1.29
-6.17
-3.56
-4.45
2.45
3.75
-1.11
-6.28
-8.00
-3.97
0.55
0.90
3.16
3.83
2.20
-2.84
-3.75
-3.17
-2.90
-2.81
-2.28
-2.45
0.74
0.53
0.95
-2.32
-1.71
-2.01
0.39
1.03
0.50
0.36
0.08
-1.45
-1.71
-2.03
-1.22
-1.65
0.59
-0.64
-0.03
-0.57
-0.23
-0.28
-0.16
-0.61
0.99
1.26
-0.71
-0.64
-0.98
-1.10
-0.85
-0.22
-0.90
-1.49
0.52
-0.47
0.44
-0.45
-0.78
-1.72
-4.69
-3.29
-7.31
-1.93
-11.28
-8.02
-2.38
-19.07
1.01
-12.14
-11.82
8.49
7.90
7.28
-11.07
-11.92
3.68
2.88
3.27
-14.16
-12.72
5.47
12.89
11.91
8.08
-15.83
-28.84
-34.71
-16.38
16.85
12.85
3.73
-9.70
10.42
-5.99
-3.88
-33.01
-11.73
14.77
-8.07
18.37
-6.98
18.82
-5.97
-25.81
2.31
31.54
3.01
-23.56
4.97
-23.24
7.05
-14.40
18.02
-8.38
8.83
-18.95
17.61
-17.39
20.73
-15.69
22.25
-14.23
12.86
-39.83
-17.61
15.13
8.82
26.44
-5.81
23.36
-13.27
16.60
-10.70
-28.91
5.51
-29.04
8.50
39.75
12.88
-9.14
-45.24
-13.74
21.88
-8.57
25.88
-3.54
31.02
3.97
-25.14
7.65
-27.12
6.90
-32.39
4.48
38.27
-2.48
-3.19
29.42
-4.73
-35.64
0.62
33.20
-3.69
-42.50
-3.44
36.79
-3.23
-26.12
14.35
-27.05
15.53
-27.90
16.69
37.33
-2.39
-43.67
-2.56
39.92
-1.73
26.30
-9.59
-26.07
8.86
-14.22
22.11
-6.04
25.43
-2.06
-28.02
7.55
-33.02
1.87
35.68
-4.21
5.74
-26.64
12.28
-24.94
11.65
-6.33
28.43
-4.45
26.26
-3.66
-40.90
-2.69
36.30
-2.68
-33.20
4.35
38.06
-0.23
-23.93
11.05
-21.35
16.60
-22.26
17.49
-18.82
21.22
-15.34
21.68
-12.46
24.14
-12.98
16.44
-19.59
12.73
-21.25
14.70
-14.82
20.93
-16.07
15.94
-10.88
21.37
-6.37
-39.08
-6.33
27.47
-3.68
27.94
-6.77
-38.65
-2.12
31.12
-2.70
-30.38
6.10
39.44
1.80
-23.56
10.30
-23.26
14.72
-18.23
18.64
-19.02
20.80
-18.78
19.22
-20.01
14.28
-20.96
16.70
-24.87
14.90
-15.24
22.92
-10.77
22.62
-9.07
21.26
-12.90
23.14
-10.24
-28.70
8.48
-24.07
10.95
-11.38
24.01
-15.82
21.46
-14.32
23.66
-14.58
22.87
-13.54
20.91
-7.00
-33.99
1.27
33.99
-3.25
-37.69
-2.51
32.51
-6.74
27.30
1.26
-24.25
10.09
-23.55
12.51
-19.24
15.29
-25.03
9.88
-26.87
10.90
46.42
6.46
-14.88
18.11
-10.36
-42.27
-4.78
34.97
-5.21
30.20
-3.56
-30.58
1.33
-24.51
10.90
-22.28
15.96
-18.23
23.83
-19.92
22.17
-13.84
25.50
-10.15
27.23
-10.76
23.70
-6.54
-39.17
-0.26
35.75
-2.40
-35.67
2.26
38.85
-2.43
-30.23
3.92
32.80
-5.11
-37.84
-3.80
30.13
-1.99
-23.52
11.66
-19.52
17.59
-17.19
21.29
-19.43
20.94
-20.11
20.10
-15.28
21.31
-15.52
23.58
-14.91
20.87
-14.75
18.24
-10.03
24.11
-9.47
-35.34
-3.12
29.53
-1.50
-33.41
0.54
33.42
-0.68
-27.57
8.08
-25.87
11.64
10.31
-23.18
14.66
-20.68
20.74
-22.70
19.04
-25.22
19.63
-25.59
20.22
8.12
44.21
2.93
-19.35
16.88
-13.90
18.24
-18.04
17.52
-18.30
17.59
-18.23
17.69
-18.16
17.87
-18.01
17.97
-14.89
14.97
-11.18
20.57
-4.72
-35.34
-4.34
27.72
-0.53
-34.48
-1.33
31.11
0.09
-31.31
4.33
36.43
-1.21
-27.20
8.92
-22.21
15.74
-20.37
16.34
-17.11
19.29
-19.10
19.67
-18.02
23.35
-17.39
22.99
-16.61
21.03
-17.76
17.69
-13.12
14.26
-15.53
21.31
-15.07
22.02
-14.23
21.52
-13.39
15.23
-19.23
15.60
-19.40
15.89
-20.44
15.38
-20.79
11.46
-20.28
13.06
-18.45
17.99
-8.18
23.74
-4.57
-37.09
-3.11
30.84
-0.86
-20.80
16.23
-15.48
21.18
-16.99
21.93
-16.60
21.31
-16.13
18.89
-16.07
19.37
-11.75
23.33
-11.16
-46.57
-13.42
23.35
-10.67
25.12
-9.45
27.71
-10.16
22.84
-4.52
-31.42
3.55
-32.37
4.95
39.32
-1.35
-33.40
3.98
39.91
6.44
-19.77
16.65
-16.03
19.11
-17.19
17.70
-18.00
17.78
-15.59
18.20
-11.47
18.80
-15.12
18.61
-13.38
-36.23
0.38
37.48
-5.35
-31.82
-0.44
30.35
-0.49
-27.86
6.33
-28.46
7.80
40.50
0.69
-25.29
9.97
-19.86
18.57
-17.80
18.75
-21.61
16.65
-24.83
16.93
-17.99
21.70
-20.60
19.60
-14.57
25.38
-10.51
25.66
-6.67
11.07
-17.73
15.52
-16.16
19.63
-16.82
19.48
-16.90
17.53
-18.03
13.38
-25.22
12.11
-19.85
14.87
-22.05
12.78
-18.92
18.24
-9.89
24.24
-6.99
25.92
-4.13
-31.25
5.52
-29.26
8.36
41.43
0.50
-26.55
7.97
-25.80
14.96
-21.75
21.04
-21.08
20.36
-21.27
21.29
-17.46
7.29
30.59
1.58
-27.49
9.97
-29.01
14.50
29.41
-10.08
26.03
-10.61
20.08
-14.42
19.48
-13.77
-10.67
23.14
-9.96
-48.29
-12.10
29.20
-4.67
26.75
-7.83
19.84
-5.49
-37.40
-4.54
28.50
0.81
-34.56
-0.83
32.10
1.68
-29.10
8.03
-3.99
28.79
-6.90
26.49
-7.08
-35.60
0.12
34.47
-2.22
-32.33
2.38
33.17
-0.57
-36.21
1.58
38.08
-1.65
-27.28
7.45
-29.04
10.43
-33.71
8.84
43.59
-1.71
-12.27
27.16
-10.49
19.19
-5.49
-32.11
4.33
-27.36
13.04
-16.72
25.67
-16.16
24.80
-15.53
23.97
-14.90
23.14
-14.01
20.73
-11.05
22.34
-10.73
-41.44
-10.79
23.98
-9.02
25.07
-13.41
21.89
-7.72
-2.05
-35.81
5.04
35.46
1.96
-25.63
7.72
-23.84
12.90
-20.84
15.87
-19.77
19.86
-22.63
19.79
-23.23
20.17
-24.08
18.76
19.17
-13.44
26.14
-10.02
28.02
-9.17
17.27
-17.90
16.65
-10.16
-24.31
8.76
-27.30
7.98
38.92
7.18
-16.93
17.19
-18.27
16.15
-20.59
14.64
-17.39
18.47
-17.21
18.43
-16.97
18.38
-16.73
18.28
-16.47
13.77
-10.50
18.75
-7.90
-43.02
-12.51
22.17
-17.72
16.85
-16.09
18.35
-11.39
23.26
-6.60
26.70
-7.56
-39.63
-3.40
32.22
-4.57
30.82
-1.73
-27.20
6.95
-32.50
7.09
39.21
-1.83
-29.44
11.81
-28.60
11.34
-32.36
12.43
38.28
3.49
-26.88
7.40
-8.28
27.16
-11.92
25.03
-11.54
23.41
-4.66
-40.39
-3.33
34.24
-3.32
-35.57
3.36
39.40
4.33
-21.62
8.14
-29.39
9.07
-25.00
13.18
-25.16
12.12
44.07
6.58
-17.66
17.18
-14.26
20.10
-15.03
19.76
-14.79
19.30
-14.30
-0.42
-27.42
8.91
-28.86
11.15
-18.18
18.23
-20.60
16.25
-17.77
20.96
-22.45
21.30
-22.33
21.53
-21.62
20.75
-12.59
28.34
-12.87
20.94
-9.48
22.51
-6.83
-6.63
27.38
-6.21
-45.62
-8.30
30.82
-10.46
27.02
-9.85
24.82
-9.02
-43.81
-6.97
26.58
-9.22
26.28
-0.90
-32.02
1.19
32.84
1.33
-24.27
8.73
-25.57
9.29
-26.66
9.93
43.93
4.88
-19.37
15.49
-19.99
16.73
-19.24
16.68
-14.91
21.20
-15.55
20.77
-14.98
20.29
-14.43
19.78
-13.60
0.42
-33.32
-2.66
29.07
-9.38
27.89
1.25
-22.08
11.06
-18.46
14.72
-17.39
15.00
-22.02
15.53
-16.31
16.86
-23.31
14.65
-18.24
15.13
-16.24
17.64
-13.49
21.07
-11.85
23.88
-13.12
22.74
-12.51
21.84
-9.75
-39.14
-6.47
26.83
-5.31
26.94
-7.36
-36.24
0.22
33.37
-0.47
-37.19
-1.49
33.37
-5.25
-23.90
14.40
-14.78
18.92
-11.92
21.27
-13.36
21.61
-6.99
-35.14
1.27
34.78
-3.35
-39.05
-3.08
32.89
-7.60
29.02
-7.13
-39.15
-1.25
33.88
4.45
-22.91
10.90
-20.45
18.33
-18.75
20.90
-18.53
19.46
-19.68
14.92
-25.11
15.66
-21.40
16.04
-15.59
19.94
-11.17
23.10
-8.17
24.63
-5.61
-35.93
3.64
36.39
0.66
-28.32
4.91
-28.22
8.34
42.65
5.10
-21.40
13.91
-24.15
13.37
-26.50
13.81
-26.23
16.55
-18.48
24.43
-17.88
23.99
-16.78
17.67
-13.43
18.26
-12.13
20.18
-10.34
22.82
-13.42
22.35
-12.28
-8.17
12.93
-23.27
12.81
-17.72
13.85
-18.30
15.31
-24.30
14.92
-18.63
17.39
-17.73
17.71
-11.12
23.60
-13.84
23.73
-13.22
22.26
-7.23
-34.34
-0.37
32.75
-4.88
-38.40
-0.48
33.22
-0.30
-27.99
9.49
-23.70
14.72
-20.33
19.25
-21.48
20.48
-22.95
19.06
-22.57
21.74
-15.51
22.74
-14.62
27.72
-13.95
24.74
-11.67
20.66
-8.98
19.56
-8.62
-44.94
-5.52
35.98
-6.18
29.29
-6.75
-38.61
-2.02
32.26
-6.93
25.89
-4.25
-34.26
3.49
5.23
-28.26
6.86
37.10
4.46
-22.14
10.24
-20.35
14.08
-24.32
11.51
-22.27
15.98
-18.26
18.25
-15.45
23.12
-12.99
24.94
-14.46
24.48
-13.79
21.68
-11.78
21.36
-6.94
-38.01
0.58
36.28
-1.49
-42.38
-6.26
34.86
-6.18
29.80
-5.76
-36.96
-0.08
36.13
0.56
-27.05
3.83
-25.29
9.78
18.36
-11.78
