3.25
3.25
3.24
3.23
3.23
3.22
3.21
3.20
3.20
3.19
3.18
3.17
3.17
3.16
3.15
3.14
3.13
3.13
3.12
3.11
3.10
3.10
3.09
3.08
3.08
3.07
3.06
3.06
3.05
3.04
3.04
3.03
3.02
3.01
3.01
3.00
2.99
2.99
2.98
2.97
2.97
2.97
2.96
2.96
2.95
2.95
2.95
2.94
2.94
2.94
2.93
2.93
2.92
2.92
2.91
2.91
2.90
2.90
2.89
2.89
2.88
2.88
2.88
2.87
2.87
2.87
2.86
2.86
2.86
2.86
2.86
2.85
2.85
2.85
2.85
2.85
2.85
2.84
2.84
2.84
2.84
2.84
2.84
2.84
2.84
2.83
2.83
2.83
2.83
2.83
2.83
2.82
2.82
2.82
2.82
2.82
2.82
2.81
2.81
2.81
2.81
2.81
2.81
2.80
2.80
2.80
2.80
2.80
2.80
2.79
2.79
2.79
2.79
2.79
2.79
2.78
2.78
2.78
2.78
2.78
2.78
2.77
2.77
2.77
2.77
2.77
2.76
2.76
2.76
2.76
2.76
2.76
2.75
2.75
2.75
2.75
2.75
2.74
2.74
2.74
2.74
2.74
2.74
2.73
2.73
2.73
2.73
2.73
2.72
2.72
2.72
2.72
2.72
2.71
2.71
2.71
2.71
2.71
2.71
2.70
2.70
2.70
2.70
2.70
2.69
2.69
2.69
2.69
2.69
2.68
2.68
2.68
2.68
2.67
2.67
2.67
2.67
2.66
2.66
2.66
2.88
2.88
2.88
2.88
2.87
2.87
2.87
2.86
2.86
2.86
2.85
2.85
2.85
2.85
2.85
2.85
2.85
2.85
2.85
2.85
2.86
2.86
2.86
2.86
2.87
2.87
2.87
2.87
2.88
2.88
2.88
2.88
2.89
2.89
2.89
2.89
2.90
2.90
2.90
2.91
2.91
2.91
2.91
2.92
2.92
2.92
2.92
2.93
2.93
2.94
2.94
2.94
2.95
2.95
2.96
2.96
2.97
2.97
2.98
2.98
2.99
3.00
3.00
3.01
3.02
3.02
3.03
3.04
3.05
3.05
3.06
3.07
3.08
3.09
3.09
3.10
3.11
3.12
3.13
3.14
3.15
3.15
3.16
3.17
3.18
3.19
3.20
3.21
3.22
3.23
3.23
3.24
3.25
3.25
2.91
2.91
2.91
2.91
2.91
2.92
2.92
2.92
2.93
2.93
2.93
2.93
2.93
2.93
2.93
2.93
2.92
2.92
2.92
2.91
2.91
2.90
2.90
2.89
2.88
2.88
2.87
2.87
2.86
2.86
2.85
2.85
2.85
2.84
2.84
2.84
2.83
2.83
2.83
2.83
2.82
2.82
2.82
2.81
2.81
2.81
2.80
2.80
2.80
2.79
2.79
2.78
2.78
2.78
2.77
2.77
2.77
2.76
2.76
2.76
2.75
2.75
2.74
2.74
2.74
2.73
2.73
2.73
2.72
2.72
2.72
2.71
2.71
2.71
2.70
2.70
2.70
2.69
2.69
2.69
2.69
2.68
2.68
2.68
2.67
2.67
2.67
2.67
2.66
2.66
2.66
2.83
2.83
2.83
2.83
2.83
2.82
2.82
2.82
2.82
2.82
2.82
2.82
2.82
2.82
2.82
2.82
2.82
2.83
2.83
2.83
2.83
2.84
2.84
2.84
2.85
2.85
2.86
2.86
2.87
2.87
2.87
2.88
2.88
2.89
2.89
2.89
2.90
2.90
2.91
2.91
2.91
2.92
2.92
2.93
2.93
2.94
2.94
2.95
2.96
2.97
2.97
2.98
2.99
3.00
3.00
3.01
3.02
3.03
3.04
3.05
3.06
3.07
3.08
3.09
3.10
3.12
3.13
3.14
3.15
3.16
3.18
3.19
3.20
3.22
3.23
3.25
3.26
2.89
2.89
2.89
2.89
2.89
2.90
2.90
2.91
2.91
2.92
2.92
2.93
2.93
2.94
2.94
2.94
2.94
2.94
2.94
2.94
2.94
2.94
2.93
2.93
2.93
2.93
2.92
2.92
2.92
2.91
2.91
2.91
2.90
2.90
2.90
2.89
2.89
2.89
2.88
2.88
2.87
2.87
2.87
2.86
2.86
2.86
2.85
2.85
2.84
2.84
2.84
2.83
2.83
2.83
2.82
2.82
2.82
2.81
2.81
2.80
2.80
2.79
2.79
2.79
2.78
2.78
2.77
2.77
2.76
2.76
2.75
2.75
2.75
2.74
2.74
2.73
2.73
2.72
2.72
2.72
2.71
2.71
2.70
2.70
2.69
2.69
2.69
2.68
2.68
2.67
2.67
2.67
2.66
2.66
2.82
2.82
2.82
2.82
2.82
2.81
2.81
2.81
2.81
2.81
2.81
2.80
2.80
2.80
2.80
2.80
2.80
2.80
2.80
2.80
2.81
2.81
2.81
2.81
2.81
2.81
2.81
2.82
2.82
2.82
2.82
2.83
2.83
2.83
2.83
2.84
2.84
2.84
2.85
2.85
2.85
2.85
2.86
2.86
2.86
2.87
2.87
2.88
2.88
2.88
2.89
2.89
2.90
2.90
2.91
2.92
2.92
2.93
2.94
2.95
2.95
2.96
2.97
2.98
2.99
3.00
3.01
3.02
3.03
3.04
3.06
3.07
3.08
3.10
3.11
3.12
3.14
3.15
3.17
3.18
3.20
3.21
3.23
3.24
3.26
2.90
2.89
2.89
2.90
2.90
2.90
2.90
2.91
2.91
2.92
2.92
2.93
2.93
2.94
2.94
2.94
2.94
2.94
2.94
2.94
2.94
2.94
2.93
2.93
2.93
2.92
2.92
2.92
2.91
2.91
2.91
2.90
2.90
2.89
2.89
2.89
2.88
2.88
2.87
2.87
2.86
2.86
2.85
2.85
2.84
2.84
2.83
2.83
2.83
2.82
2.82
2.81
2.81
2.80
2.80
2.79
2.79
2.79
2.78
2.78
2.77
2.77
2.76
2.76
2.75
2.75
2.74
2.74
2.73
2.73
2.72
2.72
2.71
2.71
2.70
2.70
2.69
2.69
2.68
2.68
2.67
2.67
2.66
2.84
2.84
2.84
2.83
2.83
2.83
2.82
2.82
2.82
2.81
2.81
2.81
2.80
2.80
2.80
2.80
2.80
2.80
2.80
2.80
2.80
2.80
2.80
2.80
2.80
2.80
2.80
2.80
2.80
2.80
2.80
2.80
2.80
2.80
2.80
2.80
2.80
2.80
2.80
2.80
2.80
2.81
2.81
2.81
2.81
2.81
2.81
2.81
2.82
2.82
2.82
2.82
2.82
2.83
2.83
2.83
2.83
2.84
2.84
2.84
2.85
2.85
2.85
2.86
2.86
2.86
2.87
2.87
2.88
2.88
2.89
2.90
2.90
2.91
2.92
2.93
2.93
2.94
2.95
2.96
2.97
2.98
2.99
3.01
3.02
3.03
3.05
3.06
3.07
3.09
3.10
3.12
3.14
3.15
3.17
3.18
3.20
3.21
3.23
3.24
3.26
2.92
2.92
2.92
2.93
2.93
2.93
2.94
2.94
2.95
2.95
2.96
2.97
2.97
2.97
2.98
2.98
2.98
2.98
2.98
2.98
2.98
2.97
2.97
2.97
2.96
2.96
2.95
2.95
2.95
2.94
2.94
2.93
2.93
2.92
2.92
2.91
2.91
2.90
2.90
2.89
2.89
2.88
2.88
2.87
2.86
2.86
2.85
2.85
2.84
2.84
2.83
2.83
2.82
2.82
2.81
2.81
2.80
2.80
2.79
2.79
2.78
2.78
2.77
2.76
2.76
2.75
2.75
2.74
2.74
2.73
2.72
2.72
2.71
2.71
2.70
2.70
2.69
2.69
2.68
2.67
2.67
2.66
2.84
2.84
2.84
2.83
2.83
2.83
2.83
2.82
2.82
2.82
2.81
2.81
2.81
2.81
2.80
2.80
2.80
2.80
2.80
2.80
2.80
2.80
2.80
2.80
2.80
2.80
2.80
2.80
2.80
2.80
2.80
2.80
2.80
2.80
2.80
2.81
2.81
2.81
2.81
2.81
2.81
2.81
2.81
2.81
2.82
2.82
2.82
2.82
2.83
2.83
2.83
2.83
2.84
2.84
2.84
2.85
2.85
2.86
2.86
2.87
2.87
2.87
2.88
2.89
2.89
2.90
2.90
2.91
2.91
2.92
2.93
2.94
2.94
2.95
2.96
2.97
2.99
3.00
3.01
3.02
3.04
3.05
3.07
3.09
3.10
3.12
3.14
3.16
3.18
3.20
3.22
3.24
3.26
2.87
2.88
2.88
2.88
2.89
2.90
2.90
2.91
2.92
2.93
2.94
2.95
2.96
2.97
2.98
2.99
2.99
3.00
3.01
3.01
3.01
3.02
3.02
3.02
3.02
3.02
3.02
3.02
3.02
3.02
3.02
3.02
3.02
3.02
3.02
3.02
3.02
3.02
3.01
3.01
3.01
3.01
3.00
3.00
2.99
2.99
2.98
2.97
2.97
2.96
2.96
2.95
2.95
2.94
2.94
2.93
2.93
2.92
2.92
2.91
2.91
2.90
2.90
2.89
2.89
2.88
2.88
2.87
2.87
2.86
2.85
2.85
2.84
2.83
2.83
2.82
2.81
2.81
2.80
2.79
2.79
2.78
2.78
2.77
2.76
2.76
2.75
2.74
2.74
2.73
2.72
2.72
2.71
2.71
2.70
2.70
2.69
2.68
2.68
2.67
2.67
2.66
2.66
2.81
2.81
2.81
2.81
2.81
2.81
2.81
2.81
2.80
2.80
2.80
2.80
2.80
2.79
2.79
2.79
2.79
2.79
2.79
2.79
2.79
2.79
2.79
2.79
2.79
2.79
2.80
2.80
2.80
2.80
2.80
2.80
2.80
2.80
2.81
2.81
2.81
2.81
2.81
2.81
2.81
2.82
2.82
2.82
2.82
2.83
2.83
2.83
2.84
2.84
2.84
2.85
2.85
2.85
2.86
2.86
2.87
2.87
2.88
2.89
2.89
2.90
2.91
2.92
2.92
2.93
2.94
2.95
2.96
2.98
2.99
3.00
3.02
3.03
3.05
3.06
3.08
3.10
3.12
3.14
3.16
3.18
3.20
3.22
3.24
3.27
2.87
2.87
2.88
2.88
2.88
2.89
2.89
2.90
2.90
2.91
2.92
2.92
2.93
2.94
2.95
2.96
2.96
2.97
2.98
2.98
2.99
2.99
2.99
2.99
2.99
2.99
2.99
2.99
2.99
2.99
2.99
2.99
2.99
2.98
2.98
2.98
2.98
2.98
2.97
2.97
2.97
2.97
2.96
2.96
2.96
2.95
2.95
2.94
2.93
2.93
2.92
2.92
2.91
2.90
2.90
2.89
2.89
2.88
2.87
2.87
2.86
2.85
2.85
2.84
2.84
2.83
2.83
2.82
2.81
2.81
2.80
2.80
2.79
2.79
2.78
2.78
2.77
2.77
2.76
2.75
2.75
2.74
2.73
2.73
2.72
2.72
2.71
2.70
2.70
2.69
2.68
2.68
2.67
2.66
2.87
2.86
2.86
2.85
2.85
2.84
2.84
2.83
2.83
2.82
2.82
2.81
2.81
2.80
2.80
2.80
2.79
2.79
2.79
2.79
2.79
2.78
2.78
2.78
2.78
2.78
2.78
2.78
2.78
2.78
2.78
2.77
2.77
2.77
2.77
2.77
2.77
2.77
2.77
2.77
2.77
2.77
2.77
2.77
2.77
2.78
2.78
2.78
2.78
2.79
2.79
2.79
2.79
2.79
2.79
2.80
2.80
2.80
2.80
2.80
2.80
2.81
2.81
2.81
2.81
2.81
2.81
2.82
2.82
2.82
2.82
2.83
2.83
2.83
2.83
2.84
2.84
2.84
2.85
2.85
2.86
2.86
2.87
2.88
2.89
2.89
2.90
2.91
2.92
2.93
2.94
2.95
2.97
2.98
2.99
3.01
3.02
3.04
3.05
3.07
3.09
3.11
3.12
3.14
3.16
3.18
3.20
3.22
3.23
3.25
2.93
2.93
2.93
2.93
2.94
2.94
2.95
2.96
2.96
2.97
2.98
2.99
3.00
3.00
3.01
3.01
3.02
3.02
3.02
3.02
3.02
3.02
3.02
3.02
3.02
3.02
3.01
3.01
3.01
3.00
3.00
3.00
2.99
2.99
2.98
2.98
2.98
2.97
2.97
2.97
2.96
2.96
2.95
2.95
2.94
2.93
2.93
2.92
2.92
2.91
2.90
2.90
2.89
2.88
2.88
2.87
2.87
2.86
2.85
2.85
2.84
2.84
2.83
2.82
2.82
2.81
2.80
2.80
2.79
2.78
2.78
2.77
2.76
2.76
2.75
2.74
2.74
2.73
2.73
2.72
2.71
2.71
2.70
2.69
2.69
2.68
2.68
2.67
2.66
2.83
2.83
2.83
2.83
2.83
2.82
2.82
2.82
2.82
2.81
2.81
2.81
2.81
2.80
2.80
2.80
2.80
2.80
2.80
2.80
2.80
2.80
2.80
2.80
2.80
2.80
2.80
2.80
2.80
2.80
2.80
2.80
2.80
2.80
2.80
2.80
2.81
2.81
2.81
2.81
2.81
2.81
2.81
2.81
2.82
2.82
2.82
2.82
2.82
2.83
2.83
2.83
2.84
2.84
2.84
2.85
2.85
2.86
2.86
2.87
2.88
2.88
2.89
2.90
2.90
2.91
2.92
2.93
2.94
2.94
2.95
2.96
2.97
2.98
3.00
3.01
3.02
3.04
3.05
3.07
3.09
3.10
3.12
3.15
3.17
3.19
3.22
3.24
3.27
2.82
2.83
2.83
2.84
2.84
2.85
2.86
2.87
2.88
2.89
2.90
2.91
2.92
2.93
2.95
2.96
2.97
2.99
3.00
3.01
3.02
3.03
3.04
3.05
3.06
3.06
3.07
3.07
3.08
3.08
3.08
3.08
3.08
3.08
3.09
3.09
3.09
3.09
3.09
3.09
3.09
3.09
3.08
3.08
3.07
3.06
3.06
3.05
3.04
3.03
3.03
3.02
3.01
3.00
3.00
2.99
2.98
2.98
2.97
2.97
2.96
2.96
2.95
2.94
2.94
2.93
2.93
2.92
2.92
2.91
2.91
2.90
2.90
2.90
2.89
2.89
2.88
2.88
2.87
2.86
2.86
2.85
2.84
2.83
2.82
2.81
2.80
2.79
2.78
2.78
2.77
2.76
2.75
2.75
2.74
2.73
2.73
2.72
2.71
2.71
2.70
2.69
2.69
2.68
2.67
2.66
2.84
2.84
2.83
2.83
2.83
2.82
2.82
2.82
2.81
2.81
2.81
2.80
2.80
2.80
2.80
2.79
2.79
2.79
2.79
2.78
2.78
2.78
2.78
2.78
2.78
2.78
2.78
2.78
2.78
2.78
2.78
2.78
2.78
2.78
2.78
2.78
2.78
2.78
2.78
2.78
2.78
2.78
2.78
2.78
2.79
2.79
2.79
2.79
2.79
2.79
2.79
2.80
2.80
2.80
2.80
2.80
2.80
2.81
2.81
2.81
2.81
2.82
2.82
2.82
2.82
2.83
2.83
2.83
2.83
2.84
2.84
2.85
2.85
2.85
2.86
2.86
2.87
2.87
2.88
2.89
2.90
2.91
2.91
2.92
2.93
2.95
2.96
2.97
2.98
3.00
3.01
3.03
3.04
3.06
3.08
3.10
3.12
3.13
3.15
3.17
3.19
3.21
3.23
3.25
3.27
2.91
2.91
2.92
2.92
2.92
2.93
2.93
2.94
2.95
2.95
2.96
2.97
2.98
2.99
2.99
3.00
3.00
3.01
3.01
3.01
3.01
3.01
3.01
3.01
3.01
3.01
3.01
3.01
3.00
3.00
3.00
3.00
2.99
2.99
2.99
2.99
2.98
2.98
2.98
2.98
2.97
2.97
2.97
2.96
2.96
2.95
2.95
2.94
2.94
2.93
2.92
2.92
2.91
2.91
2.90
2.89
2.89
2.88
2.87
2.87
2.86
2.85
2.85
2.84
2.84
2.83
2.82
2.82
2.81
2.80
2.80
2.79
2.78
2.78
2.77
2.76
2.76
2.75
2.74
2.74
2.73
2.72
2.72
2.71
2.70
2.70
2.69
2.68
2.68
2.67
2.66
2.83
2.83
2.83
2.83
2.83
2.82
2.82
2.82
2.82
2.81
2.81
2.81
2.80
2.80
2.80
2.80
2.80
2.80
2.79
2.79
2.79
2.79
2.79
2.79
2.79
2.79
2.79
2.79
2.79
2.79
2.80
2.80
2.80
2.80
2.80
2.80
2.80
2.80
2.80
2.80
2.80
2.80
2.80
2.80
2.81
2.81
2.81
2.81
2.81
2.81
2.82
2.82
2.82
2.82
2.83
2.83
2.83
2.84
2.84
2.85
2.85
2.86
2.86
2.87
2.87
2.88
2.89
2.89
2.90
2.91
2.92
2.92
2.93
2.94
2.95
2.96
2.97
2.98
2.99
3.01
3.02
3.04
3.05
3.07
3.09
3.11
3.13
3.15
3.17
3.20
3.23
3.26
2.82
2.83
2.83
2.84
2.84
2.85
2.86
2.87
2.88
2.89
2.90
2.91
2.92
2.94
2.95
2.96
2.98
2.99
3.00
3.01
3.02
3.03
3.04
3.05
3.05
3.06
3.06
3.07
3.07
3.07
3.07
3.07
3.08
3.08
3.08
3.08
3.08
3.08
3.09
3.09
3.09
3.09
3.08
3.08
3.07
3.07
3.06
3.05
3.04
3.04
3.03
3.02
3.01
3.01
3.00
2.99
2.99
2.98
2.97
2.97
2.96
2.95
2.95
2.94
2.94
2.93
2.93
2.92
2.92
2.91
2.91
2.90
2.89
2.89
2.89
2.88
2.88
2.87
2.86
2.86
2.85
2.84
2.84
2.83
2.82
2.81
2.80
2.79
2.78
2.77
2.76
2.76
2.75
2.74
2.73
2.73
2.72
2.71
2.71
2.70
2.69
2.68
2.68
2.67
2.66
2.85
2.85
2.85
2.84
2.84
2.83
2.83
2.82
2.82
2.82
2.81
2.81
2.80
2.80
2.80
2.79
2.79
2.79
2.79
2.78
2.78
2.78
2.78
2.78
2.78
2.78
2.78
2.77
2.77
2.77
2.77
2.77
2.77
2.77
2.77
2.77
2.77
2.77
2.77
2.77
2.77
2.77
2.77
2.77
2.77
2.77
2.77
2.78
2.78
2.78
2.78
2.79
2.79
2.79
2.79
2.79
2.79
2.80
2.80
2.80
2.80
2.80
2.80
2.81
2.81
2.81
2.81
2.81
2.82
2.82
2.82
2.82
2.83
2.83
2.83
2.83
2.84
2.84
2.85
2.85
2.86
2.86
2.87
2.87
2.88
2.89
2.90
2.91
2.92
2.93
2.94
2.95
2.96
2.98
2.99
3.01
3.02
3.04
3.05
3.07
3.09
3.11
3.12
3.14
3.16
3.18
3.20
3.21
3.23
3.25
3.27
2.93
2.93
2.93
2.94
2.94
2.95
2.95
2.96
2.97
2.98
2.98
2.99
3.00
3.01
3.02
3.02
3.03
3.03
3.03
3.04
3.04
3.04
3.03
3.03
3.03
3.03
3.03
3.02
3.02
3.02
3.01
3.01
3.01
3.00
3.00
3.00
2.99
2.99
2.98
2.98
2.98
2.97
2.96
2.96
2.95
2.95
2.94
2.93
2.93
2.92
2.91
2.91
2.90
2.90
2.89
2.88
2.88
2.87
2.86
2.86
2.85
2.85
2.84
2.83
2.83
2.82
2.81
2.80
2.80
2.79
2.78
2.78
2.77
2.76
2.75
2.75
2.74
2.73
2.73
2.72
2.71
2.71
2.70
2.70
2.69
2.68
2.68
2.67
2.66
2.83
2.83
2.83
2.82
2.82
2.82
2.82
2.82
2.81
2.81
2.81
2.81
2.80
2.80
2.80
2.80
2.80
2.80
2.80
2.80
2.80
2.80
2.80
2.80
2.80
2.80
2.80
2.80
2.80
2.80
2.80
2.80
2.80
2.81
2.81
2.81
2.81
2.81
2.81
2.81
2.81
2.82
2.82
2.82
2.82
2.82
2.83
2.83
2.83
2.83
2.84
2.84
2.85
2.85
2.85
2.86
2.87
2.87
2.88
2.88
2.89
2.90
2.91
2.92
2.92
2.93
2.94
2.95
2.96
2.98
2.99
3.00
3.01
3.02
3.04
3.05
3.07
3.08
3.10
3.12
3.14
3.16
3.19
3.21
3.24
3.27
2.79
2.80
2.80
2.81
2.82
2.83
2.84
2.85
2.86
2.87
2.88
2.89
2.90
2.92
2.93
2.94
2.96
2.97
2.99
3.00
3.01
3.02
3.03
3.04
3.05
3.05
3.06
3.06
3.07
3.07
3.07
3.07
3.07
3.07
3.08
3.08
3.08
3.07
3.07
3.06
3.06
3.05
3.04
3.04
3.03
3.02
3.01
3.00
3.00
2.99
2.98
2.97
2.97
2.96
2.95
2.95
2.94
2.93
2.93
2.92
2.92
2.91
2.91
2.90
2.89
2.89
2.88
2.88
2.87
2.87
2.86
2.85
2.85
2.84
2.84
2.83
2.82
2.82
2.81
2.80
2.80
2.79
2.78
2.77
2.76
2.75
2.74
2.73
2.73
2.72
2.71
2.70
2.70
2.69
2.68
2.67
2.66
2.94
2.94
2.93
2.92
2.91
2.90
2.89
2.88
2.87
2.86
2.85
2.84
2.84
2.83
2.82
2.82
2.81
2.81
2.81
2.80
2.80
2.80
2.80
2.80
2.79
2.79
2.79
2.79
2.79
2.79
2.79
2.79
2.79
2.79
2.79
2.79
2.79
2.80
2.80
2.80
2.80
2.80
2.81
2.81
2.81
2.81
2.82
2.82
2.82
2.82
2.83
2.83
2.83
2.84
2.84
2.85
2.85
2.85
2.86
2.86
2.87
2.87
2.88
2.88
2.89
2.90
2.90
2.91
2.92
2.92
2.93
2.94
2.95
2.96
2.98
2.99
3.01
3.02
3.04
3.06
3.09
3.11
3.14
3.16
3.19
3.22
3.25
3.28
2.74
2.74
2.75
2.75
2.76
2.77
2.77
2.78
2.79
2.80
2.80
2.81
2.82
2.83
2.84
2.85
2.86
2.87
2.88
2.89
2.90
2.91
2.92
2.92
2.93
2.93
2.93
2.92
2.92
2.91
2.91
2.90
2.89
2.89
2.88
2.87
2.86
2.86
2.85
2.84
2.83
2.83
2.82
2.81
2.80
2.80
2.79
2.78
2.78
2.77
2.77
2.76
2.76
2.75
2.74
2.74
2.73
2.73
2.72
2.72
2.72
2.71
2.71
2.70
2.70
2.69
2.69
2.68
2.67
2.67
2.66
3.50
3.46
3.42
3.38
3.34
3.30
3.27
3.23
3.20
3.16
3.13
3.10
3.07
3.05
3.02
3.00
2.98
2.96
2.95
2.93
2.92
2.91
2.90
2.89
2.88
2.87
2.87
2.87
2.86
2.86
2.86
2.85
2.85
2.85
2.85
2.84
2.84
2.84
2.84
2.84
2.84
2.84
2.84
2.84
2.84
2.84
2.84
2.84
2.84
2.84
2.84
2.84
2.85
2.85
2.85
2.85
2.86
2.86
2.86
2.87
2.87
2.88
2.88
2.89
2.89
2.90
2.91
2.91
2.92
2.93
2.94
2.95
2.96
2.98
2.99
3.00
3.02
3.03
3.05
3.07
3.08
3.10
3.12
3.15
3.17
3.19
3.22
3.24
3.27
3.29
3.32
3.35
3.38
3.41
3.44
3.47
3.50
3.54
3.57
3.61
3.66
3.70
3.75
3.80
3.85
3.91
3.98
4.05
4.12
2.67
2.69
2.70
2.72
2.73
2.75
2.76
2.77
2.78
2.79
2.80
2.81
2.81
2.82
2.82
2.82
2.83
2.83
2.83
2.83
2.83
2.83
2.83
2.83
2.83
2.83
2.83
2.82
2.82
2.82
2.82
2.82
2.82
2.82
2.82
2.82
2.82
2.82
2.83
2.83
2.83
2.83
2.84
2.84
2.85
2.86
2.86
2.87
2.88
2.89
2.89
2.89
2.89
2.89
2.89
2.88
2.88
2.87
2.86
2.85
2.85
2.84
2.83
2.82
2.82
2.81
2.80
2.79
2.79
2.78
2.77
2.76
2.76
2.75
2.74
2.74
2.73
2.72
2.72
2.71
2.70
2.69
2.68
2.68
2.67
3.60
3.57
3.53
3.50
3.47
3.44
3.41
3.38
3.35
3.32
3.29
3.27
3.24
3.22
3.19
3.17
3.15
3.12
3.10
3.08
3.06
3.05
3.03
3.01
3.00
2.99
2.97
2.96
2.95
2.95
2.94
2.93
2.93
2.93
2.92
2.92
2.92
2.92
2.91
2.91
2.91
2.91
2.91
2.91
2.91
2.90
2.90
2.90
2.90
2.90
2.90
2.90
2.90
2.90
2.90
2.90
2.90
2.90
2.90
2.90
2.90
2.90
2.90
2.91
2.91
2.91
2.91
2.91
2.91
2.91
2.91
2.91
2.92
2.92
2.92
2.92
2.93
2.93
2.93
2.94
2.94
2.94
2.95
2.95
2.96
2.96
2.97
2.98
2.98
2.99
3.00
3.00
3.01
3.02
3.03
3.04
3.05
3.06
3.07
3.08
3.10
3.11
3.12
3.14
3.15
3.17
3.19
3.21
3.23
3.26
2.73
2.74
2.75
2.76
2.77
2.78
2.79
2.80
2.82
2.84
2.85
2.87
2.89
2.90
2.92
2.94
2.95
2.97
2.98
2.99
3.01
3.02
3.03
3.04
3.05
3.06
3.07
3.08
3.09
3.09
3.10
3.11
3.11
3.12
3.13
3.13
3.13
3.14
3.14
3.14
3.15
3.15
3.15
3.15
3.15
3.16
3.16
3.16
3.16
3.16
3.15
3.15
3.15
3.15
3.15
3.14
3.13
3.13
3.12
3.11
3.09
3.08
3.07
3.06
3.05
3.04
3.03
3.02
3.01
3.00
2.99
2.99
2.98
2.97
2.96
2.96
2.95
2.94
2.94
2.93
2.92
2.92
2.91
2.91
2.90
2.89
2.89
2.88
2.88
2.87
2.86
2.86
2.85
2.85
2.84
2.83
2.83
2.82
2.81
2.81
2.80
2.80
2.79
2.78
2.78
2.77
2.76
2.76
2.75
2.75
2.74
2.73
2.73
2.72
2.71
2.71
2.70
2.70
2.69
2.68
2.68
2.67
2.66
2.84
2.84
2.84
2.84
2.84
2.84
2.83
2.83
2.83
2.83
2.82
2.82
2.82
2.81
2.81
2.81
2.81
2.81
2.81
2.81
2.81
2.81
2.81
2.81
2.81
2.81
2.81
2.81
2.81
2.81
2.81
2.81
2.82
2.82
2.82
2.82
2.82
2.82
2.82
2.83
2.83
2.83
2.83
2.83
2.84
2.84
2.84
2.85
2.85
2.85
2.86
2.86
2.87
2.87
2.88
2.88
2.89
2.90
2.90
2.91
2.92
2.93
2.94
2.95
2.96
2.97
2.98
2.99
3.01
3.02
3.04
3.05
3.07
3.08
3.10
3.12
3.14
3.16
3.19
3.21
3.24
3.27
2.72
2.72
2.73
2.73
2.74
2.75
2.76
2.77
2.78
2.79
2.80
2.81
2.82
2.83
2.84
2.86
2.87
2.88
2.89
2.90
2.91
2.92
2.93
2.94
2.95
2.95
2.95
2.95
2.95
2.94
2.94
2.93
2.93
2.92
2.91
2.90
2.90
2.89
2.88
2.87
2.87
2.86
2.85
2.84
2.84
2.83
2.82
2.81
2.81
2.80
2.79
2.78
2.78
2.77
2.76
2.76
2.75
2.74
2.74
2.73
2.72
2.72
2.71
2.71
2.70
2.69
2.69
2.68
2.68
2.67
2.66
4.02
3.96
3.90
3.85
3.80
3.76
3.72
3.68
3.64
3.60
3.56
3.53
3.50
3.47
3.44
3.41
3.38
3.35
3.32
3.30
3.27
3.25
3.23
3.21
3.19
3.17
3.16
3.15
3.13
3.12
3.12
3.11
3.10
3.10
3.10
3.10
3.10
3.10
3.10
3.11
3.11
3.11
3.11
3.11
3.12
3.12
3.12
3.13
3.13
3.14
3.14
3.15
3.15
3.16
3.17
3.17
3.18
3.19
3.20
3.21
3.22
3.23
3.24
3.25
3.26
3.27
3.28
3.30
3.31
3.33
3.34
3.36
3.37
3.39
3.41
3.43
3.45
3.47
3.49
3.51
3.53
3.55
3.58
3.60
3.63
3.66
3.69
3.72
3.75
3.79
3.83
3.87
3.91
2.66
2.67
2.69
2.70
2.71
2.72
2.73
2.75
2.76
2.77
2.78
2.78
2.79
2.80
2.81
2.81
2.82
2.82
2.83
2.83
2.83
2.84
2.84
2.84
2.84
2.84
2.84
2.84
2.85
2.85
2.85
2.85
2.85
2.85
2.85
2.85
2.85
2.85
2.85
2.85
2.86
2.86
2.86
2.87
2.87
2.88
2.88
2.89
2.89
2.90
2.91
2.91
2.92
2.92
2.92
2.92
2.91
2.91
2.90
2.89
2.88
2.88
2.87
2.86
2.85
2.85
2.84
2.83
2.82
2.81
2.80
2.80
2.79
2.78
2.77
2.76
2.75
2.75
2.74
2.73
2.72
2.71
2.71
2.70
2.69
2.68
2.67
2.66
3.99
3.95
3.92
3.89
3.86
3.83
3.80
3.78
3.76
3.73
3.71
3.69
3.67
3.65
3.63
3.62
3.60
3.58
3.56
3.54
3.52
3.50
3.48
3.47
3.45
3.43
3.41
3.40
3.38
3.37
3.36
3.35
3.34
3.33
3.33
3.33
3.33
3.33
3.33
3.34
3.35
3.36
3.37
3.37
3.38
3.39
3.40
3.41
3.42
3.43
3.44
3.44
3.45
3.46
3.48
3.49
3.50
3.51
3.52
3.53
3.55
3.56
3.57
3.59
3.60
3.62
3.63
3.65
3.66
3.68
3.69
3.71
3.73
3.75
3.76
3.78
3.80
3.82
3.84
3.85
3.87
3.89
3.91
3.93
3.95
2.67
2.69
2.70
2.71
2.73
2.74
2.75
2.75
2.76
2.76
2.77
2.77
2.77
2.77
2.78
2.77
2.77
2.77
2.77
2.77
2.76
2.76
2.76
2.75
2.75
2.75
2.74
2.74
2.73
2.73
2.72
2.72
2.71
2.71
2.70
2.70
2.69
2.69
2.68
2.68
2.67
2.67
2.67
2.66
2.66
5.05
5.03
5.02
5.02
5.04
5.06
5.09
5.12
5.17
5.23
5.30
5.37
5.45
5.54
5.64
5.74
5.83
5.93
6.01
6.08
6.12
6.15
6.15
6.15
6.14
6.13
6.12
6.11
6.12
6.14
6.17
6.22
6.28
6.36
6.46
6.57
6.69
6.82
6.97
7.13
7.30
2.66
2.67
2.68
2.69
2.71
2.72
2.73
2.75
2.76
2.77
2.79
2.80
2.81
2.81
2.82
2.82
2.83
2.83
2.83
2.83
2.83
2.83
2.83
2.82
2.82
2.82
2.81
2.81
2.80
2.80
2.79
2.79
2.78
2.78
2.77
2.76
2.76
2.75
2.74
2.73
2.73
2.72
2.71
2.71
2.70
2.69
2.69
2.68
2.67
2.67
2.66
6.45
6.31
6.19
6.09
6.01
5.95
5.91
5.88
5.86
5.86
5.86
5.87
5.89
5.91
5.94
5.96
5.99
6.01
6.01
6.00
5.97
5.92
5.86
5.81
5.79
5.78
5.80
5.84
5.90
5.99
6.09
6.21
6.36
6.51
6.69
6.87
7.07
7.27
7.48
7.68
7.88
8.06
2.68
2.71
2.73
2.75
2.77
2.79
2.80
2.81
2.82
2.82
2.83
2.83
2.83
2.83
2.83
2.82
2.82
2.81
2.81
2.81
2.80
2.79
2.79
2.78
2.77
2.77
2.76
2.75
2.74
2.73
2.72
2.71
2.70
2.69
2.67
2.66
7.35
7.14
6.97
6.84
6.72
6.64
6.58
6.54
6.52
6.52
6.55
6.59
6.65
6.72
6.81
6.92
7.03
7.16
7.29
7.42
7.53
7.63
7.68
7.67
7.58
7.43
7.22
6.99
6.78
6.61
6.47
6.37
6.30
6.26
6.25
6.26
6.29
6.34
6.40
6.49
6.59
6.70
6.82
6.95
7.11
7.28
7.47
7.68
7.90
2.67
2.69
2.71
2.73
2.74
2.75
2.77
2.77
2.78
2.79
2.79
2.79
2.80
2.80
2.80
2.80
2.80
2.79
2.79
2.79
2.79
2.78
2.78
2.78
2.77
2.77
2.77
2.76
2.76
2.75
2.74
2.74
2.73
2.73
2.72
2.71
2.70
2.70
2.69
2.68
2.67
2.66
7.50
7.18
6.90
6.66
6.46
6.28
6.13
6.01
5.91
5.83
5.76
5.72
5.69
5.68
5.69
5.71
5.75
5.81
5.88
5.96
6.06
6.17
6.29
6.37
6.41
6.40
6.36
6.27
6.15
2.67
2.68
2.69
2.70
2.71
2.71
2.72
2.73
2.73
2.74
2.74
2.74
2.75
2.75
2.75
2.75
2.76
2.76
2.76
2.76
2.76
2.76
2.76
2.75
2.75
2.75
2.75
2.74
2.74
2.74
2.73
2.73
2.72
2.72
2.71
2.70
2.70
2.69
2.68
2.67
2.86
2.85
2.84
2.84
2.83
2.83
2.83
2.82
2.82
2.82
2.82
2.82
2.82
2.82
2.82
2.82
2.82
2.83
2.83
2.83
2.84
2.84
2.85
2.85
2.86
2.87
2.88
2.89
2.90
2.91
2.93
2.94
2.96
2.98
3.00
3.03
3.06
3.09
3.12
3.15
3.18
3.20
3.23
3.25
3.27
3.29
3.31
3.32
3.33
3.34
3.34
3.35
3.35
3.35
3.34
3.35
3.35
3.35
3.35
3.35
3.36
3.36
3.36
3.36
3.36
3.36
3.36
3.36
3.36
3.36
3.36
3.36
3.36
3.36
3.36
3.36
3.36
3.36
3.36
3.36
3.36
3.36
3.36
3.36
3.37
3.37
3.37
3.37
3.37
3.37
3.37
3.37
3.38
3.38
3.38
3.38
3.38
3.38
3.39
3.39
3.39
3.39
3.39
3.39
3.39
3.40
3.40
3.40
3.40
3.40
3.40
3.40
3.41
3.41
3.41
3.41
3.42
3.42
3.42
3.43
3.43
3.43
3.44
3.44
3.44
3.45
3.45
3.45
3.46
3.46
3.46
3.47
3.47
3.47
3.48
3.48
3.48
3.49
3.49
3.49
3.50
3.50
3.50
3.51
3.51
3.51
3.52
3.52
3.52
3.53
3.53
3.54
3.54
3.54
3.55
3.55
3.56
3.56
3.56
3.57
3.57
3.58
3.58
3.58
3.59
3.59
3.60
3.60
3.61
3.61
3.61
3.62
3.62
3.63
3.63
3.64
3.64
3.65
3.65
3.66
3.66
3.66
3.67
3.67
3.68
3.68
3.69
