30.76
30.27
30.18
30.40
30.86
31.49
32.22
33.02
33.84
34.70
35.57
36.42
37.30
38.17
39.01
39.80
40.52
41.14
41.64
42.01
42.23
42.26
42.08
41.49
40.75
39.77
38.48
35.77
32.77
29.70
25.69
21.88
19.74
17.13
14.15
10.93
7.25
4.03
1.05
-1.64
-4.05
-6.25
-7.96
-9.59
-11.08
-11.93
-13.18
-13.59
-14.75
-14.42
-15.34
-14.95
-15.82
-13.30
-13.22
-14.07
-13.09
-14.17
-13.66
-14.03
-13.06
-14.03
-12.65
-13.59
-12.83
-13.20
-12.27
-11.69
-13.63
-12.67
-14.17
-13.15
-12.60
-12.45
-14.28
-13.20
-12.69
-14.25
-13.12
-13.00
-11.86
-12.92
-14.83
-13.64
-13.22
-12.02
-13.35
-14.27
-12.57
-11.71
-11.14
-10.80
-10.34
-9.37
-9.75
-7.88
-9.29
-10.99
-9.36
-10.32
-9.12
-8.16
-7.98
-6.87
-6.92
-6.06
-6.30
-6.03
-5.88
-5.10
-5.98
-6.51
-5.94
-7.33
-5.77
-5.37
-4.69
-4.17
-3.63
-3.40
-2.86
-3.06
-2.35
-2.90
-2.30
-2.70
-2.29
-2.66
-2.15
-2.72
-2.23
-2.68
-2.45
-2.88
-2.18
-2.83
-2.21
-2.64
-2.56
-2.69
-2.05
-2.73
-1.88
-2.41
-2.65
-2.37
-2.86
-2.40
-3.01
-2.61
-3.03
-2.69
-3.34
-3.03
-3.40
-3.22
-3.76
-3.55
-4.02
-3.85
-4.36
-4.23
-4.65
-4.55
-5.03
-4.95
-5.31
-5.28
-5.68
-5.64
-5.97
-5.95
-6.28
-6.26
-6.51
-6.50
-6.72
-6.70
-6.86
-6.82
-6.93
-6.87
-6.91
-6.82
-6.79
-6.67
-6.57
-6.40
-6.22
-6.00
-5.76
-5.48
-5.18
-4.77
-4.44
-4.08
-3.68
-3.26
-2.79
-2.29
-1.87
-1.45
-1.05
-0.68
-0.35
-0.14
-0.02
-0.00
0.00
-0.00
0.00
-0.00
0.00
-0.00
-0.00
-0.00
-0.00
-0.00
-0.00
0.00
0.00
-0.00
-0.00
0.00
0.00
-0.00
-0.00
-0.00
0.00
0.00
-0.00
-0.00
-0.00
-0.00
0.00
0.00
0.00
-0.00
-0.00
0.00
-0.00
0.00
-0.00
0.00
-0.00
-0.00
-0.00
0.00
0.00
0.00
0.00
-0.00
-0.00
-0.00
-0.00
-0.00
0.00
0.00
0.00
-0.00
-0.00
0.00
-0.00
-0.00
-0.00
0.00
0.00
0.00
-0.00
0.00
-0.00
0.00
-0.00
-0.00
0.00
0.00
0.00
0.00
0.00
-0.00
0.00
0.00
-0.00
-0.00
0.00
0.00
0.00
0.00
0.00
0.00
-0.00
-0.00
0.00
0.00
-0.00
-0.00
-0.00
-0.00
0.00
-0.00
0.00
0.00
0.00
-0.00
-0.00
-0.00
0.00
-0.00
0.00
0.00
-0.00
0.00
0.00
-0.00
0.00
0.00
-0.00
0.00
0.00
0.00
0.00
0.00
0.00
0.00
-0.00
0.00
0.00
0.00
0.00
-0.00
0.00
0.00
0.00
0.00
-0.00
-0.00
-0.00
-0.00
0.00
-0.00
-0.00
0.00
0.00
0.00
-0.00
0.00
-0.00
-0.00
-0.00
-0.00
-0.00
0.00
0.00
0.00
0.00
0.00
0.00
0.00
-0.00
-0.00
-0.00
-0.00
0.00
-0.00
0.00
-0.00
-0.00
-0.00
-0.00
-0.00
-0.00
-0.00
0.00
-0.00
0.00
0.00
-0.00
0.00
0.00
0.00
0.00
0.00
-0.00
0.00
0.00
-0.00
-0.00
0.00
-0.00
-0.00
-0.00
-0.00
0.00
0.00
0.00
-0.00
-0.00
0.00
0.00
0.00
0.00
0.00
0.00
-6.46
-6.84
-7.11
-7.38
-7.77
-8.10
-8.39
-8.62
-8.76
-8.85
-8.90
-8.91
-8.87
-8.79
-8.67
-8.49
-8.28
-8.02
-7.72
-7.37
-6.99
-6.56
-6.10
-5.30
-4.57
-4.81
-4.52
-3.99
-3.31
-2.57
-1.84
-1.19
-0.65
-0.27
-0.05
0.00
0.00
0.00
0.00
0.00
0.00
0.00
0.00
0.00
0.00
0.00
0.00
0.00
0.00
0.00
0.00
0.00
0.00
0.00
-0.00
0.00
0.00
0.00
0.00
0.00
0.00
0.00
0.00
0.00
0.00
0.00
0.00
0.00
0.00
0.00
0.00
0.00
0.00
0.00
0.00
0.00
0.00
0.00
0.00
0.00
0.00
0.00
0.00
0.00
0.00
0.00
0.01
0.04
0.10
0.16
0.21
0.25
0.27
0.27
0.29
0.30
0.30
0.30
0.29
0.27
0.24
0.20
0.16
0.12
0.07
0.02
-0.03
-0.08
-0.12
-0.17
-0.21
-0.24
-0.27
-0.29
-0.30
-0.31
-0.30
-0.29
-0.27
-0.25
-0.21
-0.18
-0.14
-0.10
-0.07
-0.04
-0.01
0.00
0.00
0.00
0.00
0.00
0.00
0.00
0.00
0.00
0.00
0.00
0.00
0.00
0.00
0.00
0.00
0.00
0.00
0.00
0.00
0.00
0.00
0.00
0.00
0.00
0.00
0.00
0.00
0.00
0.00
0.00
0.00
0.00
0.00
0.00
0.00
0.00
0.00
0.00
0.00
0.00
0.00
0.00
0.00
0.00
0.00
0.00
0.00
0.00
0.00
0.00
0.00
0.00
0.00
0.00
0.00
0.00
0.00
0.00
0.00
0.00
0.06
0.20
0.39
0.58
0.77
0.93
1.05
1.13
1.16
1.25
1.33
1.38
1.42
1.44
1.44
1.43
1.40
1.36
1.33
1.28
1.22
1.15
1.06
0.96
0.85
0.74
0.62
0.50
0.37
0.25
0.13
0.01
-0.10
-0.21
-0.31
-0.40
-0.49
-0.57
-0.64
-0.70
-0.75
-0.79
-0.83
-0.86
-0.88
-0.89
-0.89
-0.89
-0.88
-0.87
-0.85
-0.82
-0.79
-0.76
-0.72
-0.46
-0.35
-0.29
-0.27
-0.26
-0.18
-0.12
-0.08
-0.06
-0.05
-0.05
-0.06
-0.07
-0.10
-0.13
-0.12
-0.13
-0.15
-0.16
-0.19
-0.20
-0.22
-0.24
-0.26
-0.27
-0.14
-0.06
-0.01
0.02
0.04
0.05
0.08
0.09
0.08
0.07
0.05
0.03
0.01
-0.01
-0.04
-0.06
-0.09
-0.12
-0.15
-0.18
-0.21
-0.24
-0.26
-0.29
-0.32
-0.34
-0.36
-0.38
-0.40
-0.42
-0.43
-0.43
-0.44
-0.44
-0.43
-0.42
-0.40
-0.38
-0.36
-0.33
-0.29
-0.25
-0.21
-0.17
-0.13
-0.09
-0.05
-0.03
-0.01
0.00
-0.00
-0.00
-0.00
-0.00
-0.00
-0.00
0.00
0.00
-0.00
-0.00
0.00
-0.00
0.00
-0.00
-0.00
-0.00
0.00
-0.00
-0.00
-0.00
0.00
0.00
0.00
-0.00
0.00
0.00
0.00
-0.00
-0.00
0.00
-0.00
-0.00
-0.00
0.00
-0.00
0.00
0.00
0.00
-0.00
0.00
-0.00
-0.00
-0.00
-0.00
0.00
0.00
-0.00
-0.00
0.00
-0.00
0.00
-0.00
-0.00
0.00
0.00
0.00
0.00
-0.00
0.00
-0.00
0.00
0.00
-0.00
-0.00
-0.00
0.00
-0.00
-0.00
-0.00
0.00
-0.00
0.00
0.00
0.00
0.00
-0.00
0.00
0.00
0.00
-0.00
-0.00
0.00
0.00
-0.00
-0.00
0.00
0.00
-0.00
0.00
0.00
-0.00
-0.00
-0.00
0.00
0.00
0.00
0.00
-0.00
0.00
0.00
0.00
0.00
-0.00
0.00
-0.00
0.00
0.00
0.00
-0.00
-0.00
-0.00
0.00
-0.00
-0.00
-0.00
-0.00
-0.00
0.00
0.00
0.00
0.00
0.00
-0.00
0.00
-0.00
0.00
-0.00
0.00
0.00
-0.00
0.00
0.00
-0.00
-0.00
0.00
0.00
0.00
0.00
0.00
-0.00
-0.00
-0.00
-0.00
0.00
-0.00
-0.00
-0.00
-0.00
0.00
-0.00
0.00
0.00
0.00
0.00
0.00
-0.00
-0.00
0.00
-0.00
-0.00
-0.00
0.00
-0.00
-0.00
-0.00
-0.00
-0.00
-0.00
0.00
0.00
0.00
-0.00
-0.00
-0.00
0.00
-0.00
-0.00
-0.00
-0.00
0.00
0.00
0.00
0.00
-0.00
-0.00
0.00
0.00
-0.00
0.00
-0.00
0.00
-0.00
0.00
-0.00
0.00
-0.00
0.00
0.00
0.00
0.00
-0.00
-0.00
0.00
0.00
0.00
0.00
0.00
-0.00
-0.00
-0.00
0.00
-0.00
-0.00
-0.00
-0.00
0.00
0.00
0.00
0.00
0.00
12.56
9.93
7.72
5.87
4.33
3.06
2.02
1.17
0.50
-0.02
-0.42
-0.70
-0.88
-1.01
-0.80
-0.51
-0.19
0.15
0.52
0.91
1.31
1.73
2.16
2.62
3.10
3.61
4.14
4.71
5.31
5.12
5.31
5.00
4.91
4.81
4.02
4.24
3.42
2.97
2.57
2.37
1.60
1.45
0.69
0.53
-0.33
-0.49
-1.08
-1.35
-2.06
-2.32
-5.64
-9.62
-13.07
-16.07
-18.66
-20.16
-21.56
-22.36
-23.21
-23.52
-24.00
-23.98
-24.17
-23.94
-23.91
-23.53
-23.36
-22.88
-22.57
-22.01
-21.60
-20.99
-20.46
-19.81
-19.21
-18.53
-17.86
-17.17
-16.48
-15.79
-15.10
-14.40
-13.71
-13.03
-12.34
-11.66
-10.99
-10.33
-9.67
-9.03
-8.39
-7.78
-7.17
-6.58
-6.01
-5.46
-4.93
-4.43
-3.98
-3.43
-2.99
-2.55
-2.16
-1.82
-1.57
-1.25
-0.95
-0.68
-0.44
-0.25
-0.11
-0.03
-0.00
0.00
0.00
0.00
0.00
0.00
0.00
0.00
0.00
-0.00
-0.00
0.00
0.00
0.00
-0.00
-0.00
-0.00
0.00
0.00
-0.00
0.00
0.00
0.00
-0.00
0.00
-0.00
0.00
0.00
0.00
0.00
0.00
0.00
-0.00
0.00
-0.00
0.00
0.00
0.00
0.00
0.00
0.00
0.00
0.00
0.00
0.00
0.00
0.00
-0.00
0.00
0.00
-0.00
0.00
-0.00
0.00
-0.00
0.00
0.00
0.00
0.00
0.00
0.00
-0.00
0.00
0.00
0.00
0.00
0.00
0.00
0.00
0.00
0.00
0.00
0.00
0.00
0.00
0.00
0.00
3.53
5.06
6.75
8.57
8.97
8.53
7.69
6.62
5.43
4.27
3.16
2.00
0.95
0.10
-0.67
-1.26
-1.78
-2.16
-2.61
-2.95
-3.34
-3.59
-3.90
-4.08
-4.27
-4.34
-4.42
-4.38
-4.33
-4.16
-3.99
-3.73
-3.53
-3.11
-2.65
-2.17
-1.68
-1.21
-0.78
-0.41
-0.13
-0.00
0.00
0.00
0.00
0.00
0.00
0.00
0.00
0.00
0.00
-0.00
0.00
0.00
0.00
0.00
0.00
0.00
0.00
0.00
0.00
0.00
0.00
0.00
0.00
0.00
0.00
0.00
0.00
0.00
0.00
0.00
0.00
0.00
0.00
0.00
0.00
0.00
0.00
0.00
0.00
0.00
0.00
0.00
0.00
0.00
0.00
0.00
0.00
0.00
0.00
0.00
0.00
0.00
0.00
0.00
0.00
0.00
0.00
0.00
0.00
0.00
0.00
0.00
0.00
0.00
0.00
0.00
0.00
0.00
0.03
0.64
1.82
3.34
5.02
6.71
7.35
7.21
6.62
5.74
4.71
3.69
2.69
1.77
0.94
0.22
-0.39
-0.89
-1.32
-1.73
-2.12
-2.49
-2.81
-3.10
-3.34
-3.53
-3.67
-3.74
-3.75
-3.70
-3.58
-3.39
-3.15
-2.84
-2.49
-2.09
-1.67
-1.23
-0.82
-0.46
-0.18
-0.02
0.00
0.00
0.00
0.00
0.00
0.00
0.00
0.00
0.00
0.00
0.00
-0.00
0.00
0.00
0.00
0.00
0.00
0.00
0.00
0.00
0.00
0.00
0.00
0.00
0.00
0.00
0.00
0.00
0.00
0.00
0.00
0.00
0.00
0.00
0.00
0.00
0.00
0.00
0.00
0.00
0.00
0.00
0.00
-0.00
0.00
0.00
0.00
0.00
0.00
-0.00
0.00
0.00
0.00
0.00
0.00
0.00
0.00
0.00
0.00
0.00
0.00
0.00
0.00
0.00
0.19
0.64
1.22
1.86
2.50
3.08
3.59
3.99
4.28
4.47
4.54
4.50
4.35
4.31
4.21
4.05
3.84
3.60
3.30
2.98
2.62
2.24
1.84
1.42
0.99
0.56
0.12
-0.31
-0.74
-1.17
-1.72
-2.24
-2.78
-3.25
-3.71
-4.09
-4.42
-4.65
-4.83
-4.90
-4.90
-4.79
-4.61
-4.33
-3.98
-3.54
-3.05
-2.51
-1.95
-1.39
-0.87
-0.43
-0.12
0.00
0.00
0.00
0.00
0.00
0.00
-0.00
0.00
0.00
0.00
0.00
0.00
0.00
0.00
0.00
0.00
0.00
0.00
0.00
0.00
0.00
0.00
0.00
0.00
0.00
0.00
0.00
0.00
0.00
0.00
0.00
0.00
0.00
-0.00
0.00
0.00
0.00
0.00
0.00
-0.00
0.00
0.00
0.00
-0.00
0.00
0.00
0.00
0.00
0.00
0.00
0.00
0.00
0.00
0.00
0.00
0.00
0.00
0.00
0.00
0.00
0.00
0.00
0.00
0.00
0.00
0.00
0.00
0.00
0.00
0.00
0.00
0.00
0.00
0.00
0.00
0.00
0.00
0.00
0.00
0.00
0.00
0.00
0.00
0.00
0.00
0.00
0.00
0.48
2.10
4.44
7.19
9.93
12.54
14.92
17.05
18.91
20.66
22.19
23.51
24.61
24.74
24.56
24.09
23.39
22.49
21.41
20.19
18.85
17.42
15.91
14.34
12.73
11.08
9.94
8.93
7.94
6.98
6.04
5.12
4.22
3.33
2.45
1.79
2.49
3.10
3.56
3.90
4.12
4.24
4.28
4.25
4.15
4.01
3.82
3.60
3.35
3.08
2.79
2.48
2.16
1.83
1.49
1.14
0.80
0.44
-0.02
-1.01
-2.04
-3.08
-4.13
-5.21
-6.29
-7.35
-8.50
-9.60
-10.63
-11.89
-13.04
-14.20
-15.34
-16.48
-17.58
-18.65
-19.67
-20.62
-21.48
-22.24
-22.87
-23.36
-23.68
-23.81
-23.72
-23.39
-22.80
-21.92
-20.75
-19.29
-17.53
-15.51
-13.28
-10.35
-7.67
-5.40
-3.54
-2.11
-1.07
-0.41
-0.07
0.00
-0.00
0.00
0.00
0.00
0.00
0.00
0.00
0.00
0.00
0.00
0.00
-0.00
-0.00
0.00
0.00
0.00
-0.00
0.00
-0.00
0.00
0.00
0.00
-0.00
0.00
0.00
-0.00
-0.00
0.00
0.00
-0.00
-0.00
0.00
0.00
-0.00
0.00
0.00
-0.00
0.00
0.00
0.00
0.00
-0.00
0.00
-0.00
-0.00
0.00
0.00
-0.00
0.00
-0.00
0.00
-0.00
0.00
0.00
0.00
0.00
-0.00
0.00
0.00
0.00
0.00
0.00
0.00
-0.00
0.00
-0.00
-0.00
0.00
0.00
0.00
0.00
0.00
0.00
0.00
0.00
-0.00
-0.00
-0.00
0.00
-0.00
0.00
-0.00
0.00
-0.00
0.00
0.00
0.00
-0.00
-0.00
0.00
-0.00
0.00
0.00
0.00
0.00
0.00
-0.00
0.00
0.00
-0.00
0.00
0.00
17.63
19.04
20.27
21.30
22.15
22.81
23.30
23.63
23.81
23.86
23.78
23.60
23.31
22.95
22.52
22.03
21.49
20.91
20.30
19.68
19.04
18.40
17.75
17.11
16.48
15.87
15.27
14.69
14.14
13.61
13.11
12.63
12.19
11.78
11.41
11.08
10.12
9.25
8.62
7.24
6.91
6.19
5.13
4.36
3.28
2.38
1.47
0.55
-0.35
-1.30
-2.24
-3.23
-4.24
-5.27
-6.37
-7.48
-8.36
-9.82
-11.05
-12.34
-13.68
-15.06
-16.50
-17.97
-19.47
-21.00
-22.54
-24.09
-25.62
-27.11
-28.53
-29.91
-31.22
-32.36
-33.32
-34.01
-34.43
-34.54
-34.31
-33.68
-32.61
-31.08
-29.07
-26.60
-23.69
-19.55
-15.65
-12.01
-8.78
-6.04
-3.83
-2.13
-0.95
-0.26
-0.00
0.00
-0.00
0.00
0.00
-0.00
-0.00
0.00
0.00
0.00
-0.00
0.00
-0.00
0.00
-0.00
0.00
0.00
0.00
0.00
0.00
0.00
-0.00
0.00
0.00
-0.00
0.00
0.00
-0.00
-0.00
0.00
0.00
0.00
-0.00
0.00
-0.00
0.00
0.00
-0.00
0.00
-0.00
0.00
0.00
0.00
-0.00
-0.00
0.00
0.00
0.00
0.00
0.00
0.00
-0.00
-0.00
-0.00
-0.00
0.00
-0.00
-0.00
0.00
-0.00
0.00
-0.00
-0.00
0.00
0.00
-0.00
0.00
0.00
-0.00
-0.00
-0.00
0.00
-0.00
0.00
-0.00
-0.00
-0.00
0.00
0.00
-0.00
0.00
0.00
0.00
0.00
-0.00
0.00
0.00
0.00
-0.00
0.00
0.00
0.00
0.00
-0.00
0.00
0.00
0.00
0.00
0.00
26.19
29.35
32.11
34.44
36.35
37.84
38.93
39.69
39.26
39.15
38.56
37.62
36.38
34.91
33.26
31.49
29.64
27.76
25.87
24.01
22.20
20.46
18.74
17.38
14.67
12.63
10.92
9.52
8.38
7.45
6.69
6.10
5.63
5.28
4.98
4.72
4.47
4.24
4.04
3.81
3.66
3.44
3.34
2.28
2.28
2.12
1.14
1.13
0.13
0.10
-0.45
-1.08
-1.84
-2.23
-2.61
-2.98
-3.35
-3.72
-4.09
-4.47
-4.86
-5.25
-5.66
-6.07
-6.72
-8.29
-9.89
-11.37
-13.07
-14.87
-16.78
-18.75
-20.73
-22.80
-24.89
-27.00
-29.12
-31.20
-33.24
-35.19
-37.01
-38.65
-40.08
-41.22
-42.01
-42.39
-42.31
-41.72
-40.57
-38.84
-36.49
-33.53
-29.99
-24.98
-20.13
-15.59
-11.41
-7.80
-4.84
-2.59
-1.05
-0.20
0.00
0.00
0.00
0.00
0.00
0.00
0.00
-0.00
-0.00
0.00
-0.00
0.00
0.00
0.00
-0.00
