0.45
0.49
0.53
0.58
0.63
0.66
0.69
0.71
0.72
0.72
0.72
0.73
0.74
0.75
0.76
0.76
0.77
0.78
0.78
0.79
0.79
0.80
0.80
0.79
0.79
0.79
0.79
0.79
0.79
0.80
0.80
0.80
0.82
0.83
0.84
0.85
0.86
0.86
0.86
0.86
0.87
0.88
0.91
0.93
0.94
0.96
0.98
0.99
1.00
1.01
1.01
1.02
1.05
1.08
1.09
1.11
1.12
0.78
0.79
0.81
0.82
0.82
0.81
0.80
0.79
0.77
0.76
0.74
0.72
0.68
0.65
0.62
0.61
0.59
0.57
0.54
0.51
0.48
0.47
0.47
0.46
0.45
0.44
0.74
0.72
0.69
0.65
0.63
0.63
0.62
0.62
0.64
0.66
0.67
0.69
0.71
0.72
0.72
0.73
0.74
0.74
0.75
0.77
0.78
0.79
0.80
0.80
0.80
0.81
0.82
0.83
0.85
0.86
0.87
0.88
0.90
0.91
0.93
0.95
0.97
1.01
1.04
1.07
1.11
0.84
0.83
0.82
0.83
0.83
0.82
0.81
0.80
0.78
0.77
0.75
0.72
0.68
0.62
0.56
0.53
0.51
0.47
0.43
0.95
0.92
0.88
0.85
0.81
0.79
0.78
0.79
0.80
0.81
0.82
0.84
0.86
0.87
0.89
0.91
0.94
0.97
1.01
1.06
1.13
0.84
0.84
0.84
0.85
0.86
0.92
1.01
1.11
1.12
1.04
0.99
0.98
0.97
0.94
0.92
0.90
0.86
0.85
0.85
0.84
0.84
0.84
0.84
0.83
0.82
0.81
0.79
0.77
0.75
0.73
0.69
0.66
0.62
0.57
0.52
0.47
0.43
0.78
0.78
0.77
0.75
0.74
0.71
0.69
0.69
0.71
0.72
0.73
0.74
0.75
0.76
0.78
0.80
0.82
0.85
0.86
0.88
0.91
0.96
1.01
1.08
0.78
0.81
0.83
0.84
0.84
0.86
0.90
0.96
0.99
0.98
0.93
0.89
0.88
0.87
0.85
0.84
0.84
0.84
0.82
0.79
0.76
0.73
0.69
0.63
0.56
0.49
0.42
0.82
0.81
0.80
0.78
0.76
0.74
0.71
0.68
0.66
0.65
0.66
0.69
0.71
0.72
0.73
0.75
0.76
0.77
0.78
0.81
0.84
0.87
0.91
0.97
1.05
0.69
0.75
0.80
0.83
0.84
0.85
0.85
0.86
0.86
0.87
0.86
0.85
0.85
0.84
0.84
0.84
0.83
0.81
0.79
0.77
0.74
0.71
0.66
0.59
0.52
0.44
0.83
0.81
0.79
0.76
0.74
0.69
0.57
0.39
0.27
0.30
0.37
0.41
0.43
0.44
0.48
0.56
0.63
0.68
0.71
0.73
0.74
0.75
0.76
0.78
0.81
0.83
0.88
0.94
1.01
1.07
0.69
0.75
0.81
0.84
0.84
0.85
0.85
0.85
0.85
0.85
0.85
0.85
0.84
0.84
0.84
0.84
0.84
0.84
0.84
0.84
0.84
0.83
0.82
0.81
0.78
0.73
0.65
0.56
0.48
0.41
0.89
0.86
0.83
0.80
0.78
0.76
0.74
0.72
0.72
0.73
0.75
0.76
0.77
0.78
0.79
0.80
0.83
0.85
0.88
0.91
0.95
1.00
1.07
0.82
0.82
0.83
0.84
0.84
0.84
0.85
0.85
0.84
0.84
0.84
0.82
0.80
0.78
0.75
0.70
0.64
0.58
0.53
0.46
0.41
0.37
0.35
1.05
0.95
0.88
0.83
0.79
0.77
0.74
0.68
0.44
-0.10
-0.76
-1.48
-1.78
-1.34
-0.68
-0.15
0.17
0.33
0.44
0.53
0.60
0.66
0.70
0.73
0.75
0.77
0.79
0.82
0.84
0.85
0.85
0.85
0.85
0.85
0.86
0.89
0.91
0.94
0.98
1.05
0.82
0.81
0.81
0.82
0.83
0.84
0.84
0.84
0.84
0.84
0.84
0.84
0.84
0.84
0.84
0.84
0.84
0.84
0.83
0.82
0.80
0.76
0.70
0.61
0.51
0.43
1.11
1.04
0.98
0.93
0.87
0.83
0.79
0.77
0.75
0.74
0.74
0.74
0.75
0.75
0.76
0.77
0.79
0.81
0.84
0.86
0.88
0.90
0.93
0.96
0.99
1.02
1.05
1.07
1.10
0.36
0.38
0.43
0.50
0.51
0.48
0.44
0.40
0.37
0.35
0.36
0.38
0.39
0.98
0.87
0.83
0.82
0.83
0.85
0.88
0.93
1.00
1.10
0.04
0.08
0.02
-0.18
-0.60
-1.33
-2.02
-1.96
-1.35
-1.07
-1.10
1.00
0.89
0.84
0.81
0.80
0.79
0.79
0.80
0.81
0.82
0.83
0.85
0.86
0.90
0.97
1.06
0.40
0.40
0.40
0.39
0.39
0.39
0.39
0.40
0.40
1.04
0.88
0.84
0.83
0.85
0.88
0.94
1.04
0.25
0.28
0.27
0.21
0.08
-0.12
-0.27
-0.09
0.05
0.03
-0.12
1.03
0.92
0.88
0.88
0.88
0.91
0.95
1.01
1.13
-0.52
-0.12
0.02
0.02
-0.13
-0.54
-1.43
-2.76
-2.93
-2.16
-1.46
-0.83
-0.26
0.20
0.40
0.37
0.36
0.41
0.46
0.50
0.50
0.48
0.48
0.53
0.59
0.64
0.68
0.68
0.67
0.62
0.57
0.53
0.47
0.44
0.44
0.43
0.43
0.43
0.44
0.47
0.49
0.50
0.48
0.47
0.49
0.55
0.60
0.62
0.61
0.59
0.56
0.53
0.53
0.56
0.60
0.63
0.66
0.69
0.72
0.73
0.72
0.71
0.72
0.74
0.76
0.77
0.76
0.76
0.75
0.75
0.76
0.77
0.79
0.81
0.82
0.82
0.82
0.83
0.83
0.83
0.83
0.83
0.84
0.83
0.83
0.83
0.83
0.84
0.84
0.84
0.84
0.84
0.84
0.85
0.85
0.85
0.85
0.85
0.85
0.87
0.90
0.94
0.98
1.03
1.12
1.17
1.26
1.34
1.39
1.50
1.52
1.44
1.37
1.39
1.49
1.53
1.50
1.48
1.52
1.64
1.68
1.59
1.48
1.40
1.43
1.62
1.91
2.15
2.15
2.01
1.93
1.96
1.95
1.93
1.97
2.13
2.34
2.32
2.29
2.25
2.20
2.14
2.09
2.23
2.33
2.18
2.03
2.12
2.21
2.28
2.36
2.39
2.37
2.33
2.33
2.37
2.38
2.38
2.36
2.34
2.31
2.28
2.26
2.38
2.64
2.65
2.55
2.39
2.30
2.22
2.18
2.17
2.14
2.31
2.42
2.52
2.61
2.39
2.17
2.15
2.38
2.65
2.61
2.55
2.47
2.38
2.25
2.10
2.19
2.27
2.35
2.45
2.55
2.68
2.49
2.34
2.36
2.23
2.13
2.30
2.46
2.31
2.19
2.38
2.59
2.44
2.30
2.42
2.48
2.53
2.58
2.63
2.69
2.44
2.30
2.49
2.70
2.53
2.37
2.26
2.19
2.34
2.42
2.44
2.40
2.33
2.25
2.15
2.27
2.37
2.47
2.61
2.44
2.31
2.30
2.39
2.46
2.52
2.57
2.55
2.45
2.35
2.25
2.15
2.34
2.54
2.39
2.25
2.40
2.53
2.34
2.18
2.28
2.34
2.38
2.41
2.43
2.45
2.45
2.44
2.43
2.40
2.36
2.31
2.26
2.24
2.26
2.29
2.34
2.36
2.36
2.33
2.31
2.31
2.29
2.24
2.18
2.37
2.58
2.48
2.38
2.27
2.18
2.37
2.56
2.42
2.30
2.45
2.56
2.35
2.17
2.27
2.33
2.38
2.42
2.44
2.44
2.44
2.43
2.42
2.41
2.42
2.44
2.47
2.49
2.52
2.57
2.57
2.53
2.48
2.42
2.37
2.31
2.27
2.22
2.17
2.34
2.43
2.50
2.56
2.56
2.51
2.47
2.44
2.42
2.38
2.34
2.30
2.26
2.23
2.17
2.34
2.49
2.33
2.20
2.37
2.55
2.42
2.31
2.21
2.09
2.19
2.25
2.31
2.36
2.39
2.40
2.44
2.51
2.58
2.66
2.39
2.17
2.21
2.19
2.16
2.39
2.60
2.46
2.34
2.22
2.12
2.26
2.39
2.49
2.55
2.60
2.63
2.64
2.62
2.60
2.59
2.55
2.50
2.44
2.36
2.29
2.23
2.16
2.36
2.54
2.37
2.23
2.40
2.55
2.36
2.22
2.36
2.48
2.31
2.19
2.38
2.57
2.44
2.33
2.44
2.49
2.52
2.53
2.53
2.51
2.50
2.49
2.49
2.49
2.47
2.45
2.42
2.38
2.34
2.31
2.28
2.27
2.23
2.17
2.11
2.30
2.47
2.35
2.23
2.38
2.53
2.37
2.24
2.36
2.45
2.53
2.59
2.49
2.55
2.58
2.61
2.61
2.62
2.63
2.66
2.68
2.71
2.73
2.61
2.37
2.18
2.25
2.26
2.25
2.23
2.23
2.23
2.23
2.23
2.24
2.24
2.24
2.24
2.24
2.24
2.23
2.23
2.22
2.18
2.11
2.28
2.46
2.36
2.24
2.39
2.55
2.41
2.28
2.42
2.54
2.35
2.20
2.33
2.41
2.46
2.49
2.51
2.53
2.53
2.52
2.52
2.52
2.51
2.49
2.47
2.44
2.41
2.39
2.38
2.37
2.36
2.35
2.36
2.33
2.30
2.27
2.24
2.20
2.17
2.16
2.18
2.19
2.21
2.23
2.24
2.27
2.29
2.33
2.37
2.40
2.43
2.43
2.39
2.32
2.24
2.42
2.60
2.47
2.34
2.44
2.46
2.45
2.43
2.41
2.38
2.36
2.34
2.32
2.30
2.30
2.28
2.25
2.20
2.15
2.39
2.66
2.62
2.56
2.50
2.43
2.35
2.28
2.22
2.14
2.29
2.42
2.54
2.66
2.46
2.30
2.45
2.58
2.38
2.19
2.25
2.26
2.26
2.24
2.24
2.23
2.24
2.24
2.23
2.22
2.20
2.16
2.15
2.13
2.11
2.33
2.49
2.32
2.18
2.34
2.49
2.35
2.23
2.35
2.44
2.54
2.63
2.41
2.24
2.35
2.42
2.46
2.47
2.47
2.46
2.47
2.49
2.53
2.57
2.57
2.55
2.55
2.55
2.53
2.48
2.42
2.34
2.27
2.25
2.28
2.29
2.29
2.27
2.26
2.25
2.24
2.23
2.23
2.26
2.31
2.37
2.40
2.42
2.45
2.49
2.52
2.52
2.49
2.42
2.35
2.26
2.17
2.32
2.44
2.54
2.64
2.41
2.23
2.34
2.42
2.50
2.55
2.58
2.58
2.58
2.58
2.59
2.59
2.58
2.62
2.46
2.32
2.43
2.51
2.59
2.65
2.46
2.38
2.30
2.24
2.19
2.17
2.15
2.12
2.23
2.17
2.12
2.36
2.64
2.56
2.46
2.34
2.27
2.21
2.15
2.34
2.53
2.41
2.29
2.43
2.59
2.45
2.31
2.43
2.52
2.50
2.39
2.30
2.21
2.13
2.31
2.47
2.31
2.18
2.32
2.46
2.29
2.16
2.31
2.47
2.29
2.14
2.26
2.35
2.44
2.53
2.63
2.73
2.49
2.32
2.38
2.31
2.24
2.20
2.14
2.30
2.43
2.52
2.59
2.61
2.57
2.53
2.49
2.45
2.41
2.37
2.33
2.29
2.26
2.22
2.17
2.13
2.35
2.59
2.53
2.47
2.39
2.34
2.30
2.25
2.29
2.45
2.59
2.40
2.25
2.35
2.43
2.50
2.55
2.58
2.60
2.62
2.62
2.64
2.65
2.66
2.68
2.69
2.72
2.55
2.53
2.47
2.40
2.31
2.24
2.20
2.20
2.21
2.18
2.33
2.39
2.48
2.56
2.35
2.15
2.19
2.19
2.20
2.21
2.22
2.25
2.26
2.26
2.25
2.25
2.24
2.24
2.23
2.22
2.21
2.23
2.21
2.18
2.13
2.35
2.60
2.55
2.53
2.54
2.54
2.52
2.50
2.44
2.37
2.28
2.19
2.40
2.59
2.46
2.34
2.22
2.10
2.22
2.31
2.42
2.54
2.33
2.17
2.30
2.39
2.46
2.54
2.63
2.72
2.48
2.31
2.41
2.50
2.50
2.41
2.35
2.29
2.23
2.18
2.10
2.29
2.49
2.35
2.22
2.38
2.53
2.33
2.15
2.22
2.28
2.37
2.46
2.53
2.58
2.63
2.69
2.43
2.23
2.28
2.27
2.26
2.24
2.21
2.19
2.17
2.15
2.13
2.19
2.31
2.40
2.48
2.56
2.59
2.59
2.60
2.62
2.63
2.61
2.62
2.62
2.63
2.63
2.63
2.64
2.60
2.53
2.47
2.42
2.38
2.32
2.25
2.31
2.21
2.12
2.34
2.59
2.48
2.39
2.32
2.25
2.18
2.11
2.34
2.57
2.48
2.41
2.33
2.22
2.36
2.50
2.35
2.20
2.30
2.37
2.44
2.51
2.59
2.66
2.42
2.22
2.28
2.30
2.31
2.33
2.34
2.35
2.34
2.31
2.29
2.27
2.24
2.22
2.19
2.17
2.14
2.20
2.34
2.50
2.38
2.30
2.21
2.09
2.18
2.23
2.27
2.28
2.29
2.30
2.33
2.36
2.37
2.36
2.39
2.43
2.45
2.46
2.47
2.46
2.44
2.41
2.37
2.32
2.27
2.23
2.18
2.14
2.09
2.30
2.51
2.41
2.32
2.23
2.14
2.33
2.50
2.34
2.20
2.36
2.53
2.39
2.27
2.39
2.43
2.44
2.42
2.39
2.35
2.31
2.26
2.20
2.38
2.53
2.37
2.24
2.42
2.61
2.47
2.37
2.27
2.17
2.37
2.55
2.40
2.24
2.32
2.37
2.41
2.42
2.42
2.41
2.40
2.39
2.39
2.42
2.46
2.50
2.53
2.54
2.55
2.53
2.49
2.44
2.37
2.30
2.22
2.39
2.54
2.36
2.20
2.32
2.43
2.53
2.62
2.39
2.19
2.26
2.29
2.33
2.38
2.44
2.50
2.55
2.59
2.60
2.57
2.55
2.52
2.49
2.48
2.46
2.44
2.42
2.38
2.34
2.28
2.24
2.20
2.16
2.25
2.23
2.27
2.32
2.34
2.36
2.38
2.39
2.43
2.47
2.49
2.49
2.49
2.49
2.46
2.41
2.36
2.31
2.27
2.23
2.16
2.34
2.50
2.35
2.23
2.42
2.59
2.44
2.30
2.42
2.51
2.57
2.61
2.63
2.63
2.64
2.65
2.66
2.67
2.69
2.69
2.66
2.63
2.60
2.54
2.48
2.42
2.38
2.34
2.29
2.24
2.19
2.42
2.65
2.51
2.38
2.28
2.18
2.37
2.55
2.42
2.31
2.22
2.14
2.31
2.45
2.41
2.51
2.59
2.40
2.22
2.30
2.35
2.39
2.42
2.47
2.52
2.57
2.60
2.61
2.61
2.60
2.56
2.52
2.46
2.41
2.37
2.32
2.29
2.25
2.21
2.15
2.34
2.51
2.35
2.20
2.38
2.61
2.48
2.36
2.25
2.15
2.34
2.51
2.34
2.19
2.30
2.41
2.50
2.57
2.45
2.42
