1.78
1.67
1.74
1.47
1.85
1.40
1.83
1.37
1.85
1.38
1.89
1.34
1.89
1.28
1.88
1.23
1.87
1.18
1.87
1.14
1.86
1.10
1.85
1.10
1.88
1.14
1.95
1.27
2.13
1.48
2.23
2.21
2.26
2.15
2.21
2.18
2.25
2.22
2.29
2.21
2.28
2.24
2.29
2.17
2.22
2.16
2.22
2.16
2.20
2.16
2.19
2.15
2.19
2.14
2.18
2.12
2.18
2.11
2.18
2.10
2.17
1.25
2.26
1.48
2.31
1.47
2.30
1.42
2.32
1.41
2.34
1.39
2.38
1.38
2.42
1.39
2.46
1.41
2.49
1.44
2.51
1.44
2.45
1.42
2.55
1.43
2.54
2.06
1.81
1.62
1.82
1.62
1.83
1.67
1.89
1.68
1.89
1.68
1.90
1.69
1.91
1.70
1.92
1.70
1.93
1.72
1.94
1.71
1.94
1.71
2.10
0.77
1.87
1.06
2.20
0.93
2.07
1.00
2.15
0.86
2.02
0.96
2.12
0.85
2.00
0.95
1.91
0.73
1.89
0.85
2.00
1.29
1.42
1.19
1.41
1.18
1.41
1.19
1.41
1.18
1.40
1.18
1.40
1.17
1.79
0.70
1.76
0.55
1.61
0.58
1.63
0.46
1.49
0.51
1.46
0.47
1.51
0.48
1.45
0.47
1.49
0.46
1.43
0.50
1.45
0.64
0.78
1.01
1.01
0.34
1.07
0.38
1.33
0.39
1.29
0.34
1.27
0.32
1.25
0.31
1.24
0.31
1.24
0.31
1.22
0.31
1.21
0.31
1.17
0.30
1.14
0.29
1.12
0.31
1.11
0.33
1.12
0.30
1.09
0.31
1.06
0.33
1.06
0.31
1.03
0.29
0.99
0.30
0.96
0.29
0.92
0.27
0.88
0.26
0.84
0.24
0.81
0.23
0.79
0.21
0.76
0.20
0.75
0.18
0.73
0.17
0.72
0.15
0.70
0.14
0.69
0.13
0.68
0.13
0.67
0.12
0.66
0.11
0.64
0.12
0.63
0.12
0.62
0.11
0.60
0.11
0.59
0.11
0.57
0.11
0.55
0.11
0.54
0.10
0.52
0.10
0.50
0.10
0.49
0.10
0.47
0.10
0.45
0.09
0.43
0.09
0.41
0.09
0.40
0.08
0.38
0.08
0.36
0.08
0.34
0.08
0.32
0.07
0.30
0.07
0.28
0.07
0.26
0.06
0.25
0.06
0.23
0.06
0.21
0.05
0.19
0.05
0.17
0.05
0.15
0.04
0.13
0.04
0.10
0.03
0.08
0.02
0.05
0.01
0.02
0.00
-0.01
-0.01
-0.04
-0.02
-0.08
-0.04
-0.11
-0.05
-0.15
-0.07
-0.18
-0.08
-0.21
-0.10
-0.24
-0.11
-0.27
-0.12
-0.30
-0.14
-0.33
-0.15
-0.36
-0.16
-0.39
-0.18
-0.42
-0.19
-0.45
-0.20
-0.48
-0.22
-0.51
-0.23
-0.54
-0.24
-0.56
-0.26
-0.59
-0.29
-0.61
-0.32
-0.64
-0.35
-0.68
-0.38
-0.71
-0.42
-0.74
-0.45
-0.78
-0.48
-0.82
-0.52
-0.86
-0.55
-0.91
-0.58
-0.96
-0.62
-1.01
-0.65
-1.06
-0.68
-1.11
-0.72
-1.17
-0.75
-1.22
-0.78
-1.28
-0.82
-1.33
-0.86
-1.39
-0.91
-1.44
-0.96
-1.50
-1.02
-1.57
-1.09
-1.64
-1.16
-1.71
-1.25
-1.78
-1.34
-1.89
-1.44
-2.00
-1.51
-2.11
-1.60
-2.22
-1.67
-2.32
-1.76
-2.43
-1.85
-2.54
-1.94
-2.65
-2.03
-2.76
-2.13
-2.86
-2.68
-2.37
-2.65
-2.49
-1.83
-2.70
-2.03
-3.02
-2.23
-3.09
-2.37
-3.21
-2.50
-3.33
-2.65
-3.44
-2.80
-3.56
-2.96
-3.69
-3.12
-3.83
-3.76
-3.32
-3.56
-3.36
-3.58
-3.37
-3.59
-3.38
-2.68
-3.70
-2.83
-3.88
-2.92
-3.98
-3.01
-4.07
-3.09
-4.15
-3.17
-3.97
0.80
0.31
0.03
-0.19
-0.29
-0.53
-0.48
-0.80
-0.68
-0.95
-0.79
-1.07
-0.87
-1.14
-0.92
-1.19
-0.95
-1.23
-0.97
-1.24
-0.97
-1.26
-0.97
-1.25
-0.94
-1.25
-0.93
-1.25
-0.91
-1.25
-0.89
-1.23
-0.86
-1.22
-0.84
-1.21
-0.81
-1.19
-0.80
-1.20
-0.84
-1.24
-0.89
-1.34
-0.95
-1.38
-1.09
-1.10
-1.14
-1.19
-1.15
-1.19
-1.14
-1.20
-1.15
-1.21
-1.15
-1.21
-1.15
-1.22
-1.15
-1.22
-1.15
-1.22
-1.15
-1.31
-0.80
-1.23
-0.76
-1.26
-0.76
-1.25
-0.79
-1.29
-0.77
-1.27
-0.83
-1.26
-0.79
-1.30
-0.88
-0.97
-0.88
-0.98
-0.88
-0.98
-0.88
-1.19
-0.66
-1.18
-0.65
-1.17
-0.72
-1.22
-0.69
-0.86
-0.70
-0.99
-0.48
-0.90
-0.47
-1.02
-0.60
-0.70
-0.37
-0.94
-0.45
-0.98
-0.56
-1.04
-0.53
-1.05
-0.59
-1.11
-0.59
-1.10
-0.63
-0.97
-0.48
-0.99
-0.56
-0.87
-0.63
-0.72
-0.37
-0.89
-0.41
-0.92
-0.50
-0.97
-0.48
-0.96
-0.50
-0.97
-0.51
-0.95
-0.50
-0.96
-0.49
-0.93
-0.51
-0.94
-0.47
-0.91
-0.47
-0.90
-0.47
-0.89
-0.45
-0.87
-0.46
-0.86
-0.43
-0.84
-0.44
-0.83
-0.42
-0.81
-0.42
-0.79
-0.39
-0.77
-0.39
-0.76
-0.37
-0.73
-0.37
-0.72
-0.35
-0.70
-0.34
-0.68
-0.33
-0.66
-0.31
-0.64
-0.31
-0.63
-0.29
-0.61
-0.28
-0.59
-0.28
-0.58
-0.27
-0.56
-0.27
-0.54
-0.25
-0.53
-0.25
-0.51
-0.24
-0.50
-0.24
-0.49
-0.23
-0.47
-0.23
-0.45
-0.22
-0.44
-0.21
-0.42
-0.20
-0.40
-0.20
-0.38
-0.19
-0.36
-0.17
-0.35
-0.17
-0.32
-0.17
-0.31
-0.15
-0.29
-0.15
-0.27
-0.14
-0.26
-0.13
-0.24
-0.12
-0.22
-0.12
-0.21
-0.11
-0.19
-0.10
-0.18
-0.09
-0.16
-0.08
-0.14
-0.07
-0.12
-0.06
-0.11
-0.05
-0.09
-0.04
-0.07
-0.03
-0.05
-0.02
-0.03
-0.01
-0.01
-0.00
0.01
0.01
0.02
0.02
0.05
0.03
0.06
0.05
0.09
0.06
0.11
0.07
0.13
0.09
0.15
0.11
0.17
0.14
0.12
0.07
0.15
0.12
0.22
0.15
0.25
0.18
0.28
0.20
0.31
0.24
0.34
0.28
0.37
0.32
0.42
0.36
0.46
0.41
0.52
0.45
0.57
0.50
0.63
0.54
0.68
0.60
0.75
0.65
0.81
0.71
0.75
0.64
0.84
0.75
0.76
0.64
0.90
0.77
1.02
0.87
1.13
0.97
1.23
1.06
1.33
1.23
1.11
1.06
1.37
1.09
1.49
1.24
1.57
1.40
1.65
1.72
1.59
1.79
1.71
1.83
1.78
1.48
2.01
1.61
2.00
-1.49
-0.64
-0.02
0.38
0.55
1.03
0.94
1.58
1.35
1.91
1.61
2.19
1.81
2.39
1.96
2.54
2.06
2.65
2.13
2.75
2.18
2.77
2.18
2.85
2.19
2.89
2.19
2.91
2.17
2.90
2.12
2.92
2.09
2.92
2.05
2.89
2.02
2.92
2.08
2.99
2.22
3.24
2.36
3.30
2.45
3.51
3.20
3.09
3.48
3.62
3.50
3.65
3.51
3.67
3.42
3.60
3.43
3.60
3.42
3.61
3.41
3.59
3.35
3.55
3.33
3.54
3.32
3.45
3.19
4.06
3.02
3.08
2.21
3.12
1.96
3.08
1.82
2.95
1.91
3.03
1.79
2.94
1.89
3.05
1.79
2.95
1.88
3.03
1.86
3.00
2.66
2.75
2.49
2.70
2.45
2.65
2.40
2.60
2.35
2.54
2.31
2.50
2.26
2.40
2.19
2.30
2.10
2.34
1.36
2.27
1.28
2.17
1.22
2.10
1.17
2.04
1.14
1.97
1.11
1.85
1.06
1.77
1.00
1.70
0.95
1.63
0.90
1.55
0.86
1.48
0.81
1.42
0.77
1.35
0.74
1.28
0.70
1.13
1.00
0.86
0.85
0.91
0.46
0.89
0.49
0.90
0.47
0.86
0.43
0.80
0.40
0.73
0.36
0.66
0.33
0.60
0.29
0.53
0.26
0.45
0.22
0.38
0.18
0.31
0.15
0.25
0.11
0.18
0.08
0.12
0.05
0.05
0.01
-0.01
-0.02
-0.08
-0.06
-0.14
-0.09
-0.20
-0.13
-0.27
-0.17
-0.33
-0.20
-0.40
-0.24
-0.46
-0.28
-0.53
-0.31
-0.59
-0.35
-0.66
-0.39
-0.72
-0.43
-0.79
-0.47
-0.85
-0.51
-0.92
-0.56
-0.98
-0.60
-1.06
-0.64
-1.11
-0.69
-1.19
-0.73
-1.25
-0.78
-1.32
-0.83
-1.38
-0.88
-1.45
-0.93
-1.51
-0.99
-1.58
-1.04
-1.31
-1.38
-1.29
-1.37
-1.80
-1.29
-1.88
-1.36
-1.97
-1.44
-2.05
-1.52
-2.13
-1.62
-2.22
-1.73
-2.30
-1.86
-2.43
-1.98
-2.56
-2.11
-2.70
-2.21
-2.84
-2.33
-2.98
-2.43
-3.11
-2.56
-3.25
-2.68
-3.38
-2.83
-3.53
-3.10
-2.76
-2.65
-3.52
-2.72
-3.29
-2.75
-3.58
-3.01
-3.81
-3.26
-3.66
-3.14
-3.58
-3.09
-3.91
-3.38
-3.80
-3.32
-3.34
-2.90
-3.96
-3.46
-4.27
-3.77
-4.51
-3.96
-3.93
-3.55
-3.54
-3.20
-4.11
-3.76
1.25
0.96
0.53
0.17
-0.02
-0.31
-0.37
-0.71
-0.66
-0.95
-0.83
-1.13
-0.96
-1.25
-1.05
-1.34
-1.11
-1.40
-1.15
-1.44
-1.17
-1.47
-1.18
-1.46
-1.17
-1.48
-1.17
-1.49
-1.16
-1.48
-1.13
-1.48
-1.11
-1.48
-1.09
-1.45
-1.06
-1.46
-1.08
-1.49
-1.15
-1.57
-1.18
-1.63
-1.23
-1.65
-1.29
-1.35
-1.30
-1.36
-1.30
-1.37
-1.31
-1.38
-1.31
-1.37
-1.30
-1.38
-1.30
-1.38
-1.30
-1.38
-1.30
-1.38
-1.29
-1.38
-1.29
-1.38
-1.28
-1.38
-1.28
-1.45
-0.90
-1.35
-0.95
-1.44
-0.96
-1.47
-1.01
-1.40
-0.94
-1.45
-0.97
-1.46
-0.98
-1.41
-0.96
-1.43
-0.94
-1.41
-0.96
-1.34
-0.91
-1.08
-0.97
-1.04
-0.93
-1.03
-0.92
-1.02
-0.91
-1.00
-0.89
-0.99
-0.88
-0.96
-0.55
-1.00
-0.61
-1.09
-0.65
-1.12
-0.68
-1.07
-0.67
-1.06
-0.65
-1.04
-0.64
-1.03
-0.62
-1.01
-0.61
-0.99
-0.59
-0.97
-0.58
-0.95
-0.56
-0.92
-0.55
-0.90
-0.54
-0.88
-0.52
-0.85
-0.75
-0.64
-0.64
-0.74
-0.40
-0.70
-0.44
-0.74
-0.43
-0.74
-0.41
-0.71
-0.40
-0.68
-0.38
-0.65
-0.36
-0.62
-0.34
-0.59
-0.33
-0.56
-0.31
-0.54
-0.30
-0.51
-0.29
-0.49
-0.27
-0.46
-0.26
-0.45
-0.25
-0.41
-0.23
-0.40
-0.22
-0.37
-0.21
-0.35
-0.19
-0.32
-0.18
-0.30
-0.17
-0.27
-0.15
-0.25
-0.14
-0.22
-0.13
-0.20
-0.11
-0.17
-0.10
-0.14
-0.08
-0.12
-0.06
-0.09
-0.05
-0.06
-0.03
-0.04
-0.01
-0.01
0.00
0.02
0.02
0.05
0.04
0.08
0.06
0.11
0.08
0.14
0.10
0.12
0.14
0.14
0.15
0.23
0.18
0.27
0.20
0.30
0.23
0.34
0.26
0.37
0.29
0.41
0.34
0.46
0.39
0.51
0.44
0.57
0.49
0.63
0.54
0.70
0.59
0.76
0.65
0.83
0.71
0.90
0.78
0.98
0.85
0.88
0.77
0.99
0.91
0.91
0.79
1.09
0.95
1.24
1.08
1.37
1.20
1.48
1.40
1.26
1.41
1.37
1.26
1.68
1.38
1.82
1.57
1.92
1.76
2.02
2.26
2.15
2.34
2.29
-3.31
-2.04
-1.20
-0.54
-0.20
0.36
0.53
0.99
1.04
1.49
1.38
1.88
1.62
2.18
1.84
2.39
2.00
2.57
2.12
2.70
2.22
2.81
2.28
2.90
2.32
2.96
2.33
3.01
2.33
3.04
2.32
3.05
2.29
3.05
2.25
3.05
2.21
3.06
2.19
3.03
2.19
3.13
2.37
3.32
2.47
3.50
2.62
3.58
2.76
2.89
2.79
2.93
2.82
2.96
2.84
2.97
2.83
2.99
2.85
3.01
2.85
3.01
2.85
3.03
2.85
3.02
2.84
3.03
2.84
3.03
2.83
3.02
2.81
3.02
2.80
3.47
2.13
3.23
2.15
3.29
2.17
3.27
2.19
3.21
2.09
3.24
2.17
3.13
2.02
3.18
2.10
3.17
2.05
3.14
2.24
2.10
1.85
2.08
1.84
2.06
1.82
2.04
1.80
2.02
1.78
2.00
1.78
1.99
1.05
2.10
1.23
2.31
1.33
2.38
1.39
2.42
1.44
2.44
1.47
2.30
1.40
2.24
1.32
2.19
1.30
2.09
1.26
2.02
1.22
1.96
1.74
1.42
1.42
1.54
1.37
1.48
0.80
1.52
0.83
1.52
0.80
1.46
0.76
1.40
0.73
1.34
0.69
1.27
0.66
1.21
0.62
1.14
0.59
1.07
0.55
0.99
0.51
0.92
0.47
0.84
0.43
0.78
0.39
0.70
0.35
0.63
0.32
0.55
0.28
0.49
0.24
0.41
0.20
0.35
0.17
0.27
0.13
0.21
0.09
0.14
0.06
0.07
0.02
0.00
-0.02
-0.07
-0.06
-0.13
-0.09
-0.20
-0.13
-0.27
-0.17
-0.34
-0.21
-0.40
-0.25
-0.47
-0.29
-0.54
-0.33
-0.61
-0.37
-0.67
-0.41
-0.75
-0.46
-0.81
-0.50
-0.89
-0.54
-0.95
-0.59
-1.03
-0.64
-1.09
-0.69
-1.17
-0.73
-1.23
-0.78
-1.31
-0.83
-1.38
-0.89
-1.46
-0.94
-1.53
-0.99
-1.61
-1.05
-1.67
-1.11
-1.74
-1.18
-1.82
-1.24
-1.89
-1.30
-1.84
-1.95
-1.79
-1.98
-1.86
-1.85
-2.57
-1.97
-2.51
-1.95
-2.59
-1.99
-2.66
-2.05
-2.81
-2.11
-2.93
-2.18
-3.03
-2.30
-3.12
-2.44
-3.23
-2.59
-3.34
-2.74
-3.47
-2.91
-3.62
-3.06
-3.14
-2.66
-3.24
-3.01
-3.20
-2.72
-3.58
-3.03
-3.84
-3.77
-3.37
-3.73
-3.52
-3.17
-4.16
-3.28
-4.28
-3.57
-4.33
-3.78
-4.50
-4.00
-4.32
-4.42
-4.01
-4.40
-4.09
-4.30
1.17
0.89
0.53
0.23
-0.04
-0.25
-0.49
-0.55
-0.89
-0.77
-1.06
-0.90
-1.19
-0.99
-1.28
-1.05
-1.32
-1.08
-1.37
-1.11
-1.39
-1.11
-1.41
-1.11
-1.41
-1.09
-1.41
-1.08
-1.40
-1.05
-1.40
-1.03
-1.39
-1.00
-1.37
-0.97
-1.36
-0.97
-1.38
-1.03
-1.45
-1.07
-1.52
-1.12
-1.54
-1.14
-1.54
-1.49
-1.42
-1.63
-1.70
-1.63
-1.70
-1.59
-1.66
-1.59
-1.67
-1.59
-1.67
-1.58
-1.65
-1.55
-1.61
-1.51
-1.57
-1.46
-1.53
-1.43
-1.50
-1.39
-1.47
-1.36
-1.72
-1.32
-1.33
-0.93
-1.36
-0.85
-1.33
-0.82
-1.31
-0.82
-1.32
-0.81
-1.30
-0.83
-1.33
-0.82
-1.31
-0.84
-1.33
-0.83
-1.32
-0.92
-0.98
-0.87
-0.97
-0.87
-0.96
-0.85
-0.93
-0.83
-0.92
-0.82
-0.90
-0.80
-0.88
-0.78
-0.86
-0.76
-0.91
-0.45
-0.87
-0.49
-0.94
-0.52
-0.96
-0.54
-0.94
-0.54
-0.90
-0.52
-0.90
-0.51
-0.87
-0.49
-0.87
-0.49
-0.84
-0.47
-0.84
-0.46
-0.80
-0.45
-0.80
-0.44
-0.76
-0.42
-0.76
-0.41
-0.73
-0.40
-0.72
-0.38
-0.68
-0.37
-0.67
-0.36
-0.64
-0.34
-0.63
-0.33
-0.59
-0.32
-0.58
-0.31
-0.55
-0.29
-0.53
-0.28
-0.51
-0.27
-0.49
-0.26
-0.46
-0.25
-0.45
-0.24
-0.42
-0.23
-0.40
-0.22
-0.38
-0.21
-0.36
-0.20
-0.33
-0.18
-0.32
-0.17
-0.29
-0.16
-0.27
-0.15
-0.25
-0.14
-0.23
-0.13
-0.21
-0.12
-0.18
-0.10
-0.16
-0.09
-0.14
-0.08
-0.11
-0.06
-0.09
-0.05
-0.07
-0.03
-0.04
-0.02
-0.02
-0.00
0.01
0.01
0.03
0.03
0.06
0.05
0.08
0.06
0.11
0.08
0.13
0.15
0.14
0.17
0.17
0.13
0.21
0.16
0.26
0.19
0.30
0.21
0.33
0.24
0.36
0.27
0.40
0.32
0.43
0.37
0.49
0.41
0.54
0.46
0.60
0.50
0.66
0.56
0.72
0.62
0.79
0.69
0.87
0.74
0.90
1.02
0.94
1.03
1.01
1.10
1.07
1.17
1.14
1.19
1.48
1.19
1.52
1.30
1.57
1.38
1.68
1.48
1.78
1.58
1.90
1.71
2.03
2.06
1.93
2.17
2.13
2.26
2.10
-2.08
-1.19
-0.45
-0.16
0.59
0.67
1.30
1.15
1.77
1.50
2.11
1.76
2.36
1.94
2.48
2.01
2.62
2.11
2.72
2.17
2.80
2.20
2.86
2.22
2.86
2.30
2.93
2.31
3.00
2.21
2.96
2.18
2.92
2.23
2.98
2.14
2.97
2.04
2.93
2.06
2.95
2.25
3.18
2.30
3.36
2.40
3.43
2.52
2.73
2.88
2.90
2.92
3.08
2.93
3.10
2.94
3.12
2.95
3.14
2.96
3.15
2.96
3.16
2.96
3.17
2.96
3.17
2.95
3.16
2.38
3.38
2.04
3.21
2.00
3.18
1.83
3.01
1.97
3.11
1.80
2.99
1.96
3.01
1.75
2.94
2.45
2.58
2.33
2.56
2.31
2.54
2.29
2.51
1.46
2.62
1.45
2.59
1.52
2.64
1.58
2.67
1.62
2.70
1.63
2.68
1.64
2.60
1.58
2.08
1.57
1.76
0.92
1.96
0.98
2.01
1.14
1.89
0.95
1.95
1.06
1.76
0.85
1.58
0.71
1.68
0.93
1.78
0.95
1.82
1.04
1.84
0.98
1.78
1.01
1.75
0.94
1.68
0.94
1.59
0.84
1.52
0.83
1.46
0.76
1.38
0.75
1.26
0.66
1.22
0.64
1.16
0.61
1.06
0.56
1.00
0.52
0.93
0.48
0.85
0.44
0.80
0.40
0.72
0.36
0.65
0.33
0.59
0.29
0.52
0.26
0.46
0.22
0.39
0.19
0.33
0.16
0.27
0.12
0.21
0.09
0.14
0.06
0.08
0.03
0.02
-0.00
-0.04
-0.04
-0.10
-0.07
-0.16
-0.10
-0.22
-0.14
-0.29
-0.17
-0.35
-0.21
-0.41
-0.24
-0.47
-0.28
-0.54
-0.32
-0.60
-0.35
-0.66
-0.39
-0.72
-0.43
-0.79
-0.47
-0.85
-0.51
-0.92
-0.55
-0.98
-0.59
-1.05
-0.64
-1.11
-0.68
-1.18
-0.72
-1.24
-0.77
-1.31
-0.82
-1.37
-0.86
-1.44
-0.91
-1.50
-0.97
-1.57
-1.02
-1.63
-1.08
-1.70
-1.14
-1.20
-1.28
-1.37
-0.81
-1.50
-1.11
-1.82
-1.24
-1.92
-1.38
-2.03
-1.51
-2.13
-1.67
-2.22
-1.86
-2.39
-1.96
-2.51
-2.14
-2.66
-2.24
-2.79
-2.41
-2.95
-2.49
-3.08
-2.65
-3.23
-2.75
-3.37
-3.06
-2.71
-2.53
-3.39
-2.61
-3.57
-2.82
-3.64
-3.09
-3.83
-3.25
-3.99
-3.57
-3.40
-2.90
-3.73
-3.28
-4.04
-3.51
-4.26
-4.22
-3.78
-4.06
-3.86
-4.07
-3.87
-3.16
-4.22
-3.47
-4.50
-3.86
-4.60
-4.08
-4.66
0.95
0.46
0.08
-0.07
-0.42
-0.42
-0.76
-0.66
-0.99
-0.83
-1.14
-0.94
-1.22
-1.00
-1.30
-1.05
-1.32
-1.07
-1.36
-1.09
-1.39
-1.10
-1.38
-1.14
-1.42
-1.13
-1.44
-1.08
-1.42
-1.07
-1.39
-1.08
-1.41
-1.04
-1.40
-0.99
-1.38
-0.99
-1.39
-1.06
-1.48
-1.08
-1.54
-1.13
-1.56
-1.18
-1.63
-1.41
-1.40
-1.53
-1.58
-1.51
-1.59
-1.51
-1.59
-1.51
-1.59
-1.51
-1.59
-1.51
-1.59
-1.50
-1.59
-1.49
-1.58
-1.48
-1.57
-1.47
-1.52
-1.41
-1.49
-1.39
-1.74
-1.26
-1.45
-0.96
-1.42
-0.86
-1.35
-0.87
-1.36
-0.83
-1.32
-0.85
-1.34
-0.84
-1.33
-0.86
-1.36
-0.86
-1.33
-0.87
-1.15
-1.04
-1.02
-0.92
-1.01
-0.92
-1.01
-0.91
-1.00
-0.91
-0.99
-0.90
-0.99
-0.89
-1.04
-0.60
-1.04
-0.60
-1.04
-0.60
-1.03
-0.60
-1.01
-0.59
-0.97
-0.57
-0.94
-0.55
-0.91
-0.53
-0.88
-0.52
-0.86
-0.51
-0.83
-0.49
-0.81
-0.48
-0.79
-0.46
-0.76
-0.45
-0.74
-0.43
-0.72
-0.42
-0.70
-0.40
-0.68
-0.39
-0.66
-0.37
-0.64
-0.36
-0.61
-0.34
-0.59
-0.33
-0.57
-0.31
-0.54
-0.30
-0.52
-0.29
-0.50
-0.28
-0.47
-0.26
-0.45
-0.25
-0.43
-0.24
-0.41
-0.23
-0.39
-0.21
-0.37
-0.20
-0.34
-0.19
-0.33
-0.18
-0.30
-0.17
-0.28
-0.15
-0.25
-0.14
-0.23
-0.13
-0.21
-0.12
-0.19
-0.10
-0.16
-0.09
-0.14
-0.07
-0.11
-0.06
-0.09
-0.05
-0.06
-0.03
-0.04
-0.01
-0.01
0.00
0.02
0.02
0.04
0.04
0.07
0.05
0.10
0.07
0.13
0.09
0.14
0.16
0.16
0.19
0.19
0.21
0.30
0.24
0.32
0.26
0.35
0.29
0.39
0.32
0.43
0.37
0.48
0.41
0.53
0.45
0.59
0.48
0.65
0.53
0.71
0.58
0.77
0.63
0.84
0.70
0.91
0.76
0.99
0.84
0.88
0.76
0.88
0.79
1.07
0.92
1.19
1.18
1.08
1.19
1.14
0.94
1.31
1.04
1.43
1.14
1.55
1.27
1.69
1.50
1.84
1.66
2.00
1.84
1.76
1.96
1.86
2.02
1.97
2.09
-2.05
-1.53
-0.88
-0.33
0.02
0.44
0.60
1.12
1.08
1.64
1.46
1.98
1.71
2.26
1.92
2.47
2.08
2.64
2.20
2.78
2.29
2.89
2.35
2.98
2.39
3.04
2.41
3.09
2.41
3.12
2.39
3.13
2.37
3.14
2.33
3.16
2.30
3.13
2.26
3.16
2.31
3.22
2.47
3.46
2.59
3.59
2.71
3.58
3.49
3.39
3.32
3.47
3.37
3.53
3.42
3.58
3.46
3.63
3.49
3.67
3.51
3.70
3.52
3.71
3.52
3.72
3.50
3.71
3.48
3.60
3.41
3.68
2.51
3.61
2.40
3.51
2.35
3.47
2.29
3.41
2.31
3.30
2.15
3.28
2.22
3.18
2.09
3.19
2.12
3.09
2.26
2.23
1.98
2.20
1.95
2.17
1.93
2.14
1.90
2.11
1.87
2.08
1.84
2.04
1.81
2.01
1.78
2.11
1.08
1.91
1.29
2.23
1.34
2.14
1.30
2.09
1.25
2.03
1.21
1.97
1.16
1.89
1.12
1.82
1.08
1.75
1.03
1.68
0.99
