1.03
1.05
1.05
1.05
1.05
1.05
1.05
1.05
1.05
1.05
1.03
0.94
0.85
0.77
0.69
0.65
0.64
0.62
0.58
0.54
0.53
0.53
0.55
0.55
0.53
0.50
0.49
0.49
0.49
0.48
0.48
0.49
0.51
0.53
0.55
0.57
0.58
0.57
0.56
0.55
0.55
0.57
0.60
0.61
0.62
0.64
0.64
0.62
0.61
0.60
0.58
0.58
0.61
0.63
0.64
0.63
0.61
0.60
0.58
0.54
0.52
0.52
0.53
0.56
0.58
0.61
0.63
0.65
0.69
0.73
0.77
0.80
0.82
0.83
0.85
0.89
0.92
0.96
0.97
0.97
0.98
0.99
1.01
1.04
1.05
1.05
1.05
1.05
1.05
1.05
1.05
1.05
1.05
1.05
1.05
1.05
1.05
1.00
0.94
0.87
0.80
0.73
0.68
0.64
0.60
0.55
0.49
0.43
0.38
0.36
0.35
0.33
0.31
0.29
0.26
0.24
0.22
0.20
0.21
0.24
0.27
0.30
0.33
0.39
0.44
0.48
0.49
0.48
0.49
0.50
0.53
0.56
0.60
0.62
0.65
0.68
0.74
0.80
0.86
0.90
0.92
0.97
1.02
1.05
1.05
1.05
1.05
1.05
1.05
1.05
1.05
1.05
1.05
1.05
1.01
0.93
0.86
0.77
0.67
0.60
0.54
0.49
0.44
0.41
0.40
0.38
0.34
0.28
0.20
0.11
0.05
0.01
0.00
0.04
0.06
0.07
0.07
0.09
0.11
0.14
0.20
0.24
0.28
0.33
0.37
0.41
0.44
0.47
0.51
0.54
0.57
0.61
0.64
0.68
0.72
0.76
0.80
0.85
0.91
0.97
1.02
1.05
1.05
1.05
1.05
1.05
1.05
1.05
1.05
1.05
1.05
1.05
1.05
1.05
1.05
1.05
1.02
0.99
0.93
0.85
0.76
0.70
0.66
0.63
0.61
0.59
0.55
0.48
0.39
0.30
0.20
0.13
0.08
0.06
0.07
0.11
0.15
0.16
0.18
0.23
0.28
0.33
0.42
0.50
0.57
0.63
0.68
0.72
0.79
0.87
0.95
1.04
1.05
1.05
1.05
1.05
1.05
1.05
1.05
1.05
1.05
1.05
1.05
1.05
1.05
1.05
1.05
1.05
1.05
1.05
1.05
1.05
1.02
0.95
0.88
0.82
0.77
0.72
0.65
0.56
0.45
0.35
0.27
0.22
0.20
0.19
0.18
0.21
0.24
0.26
0.32
0.38
0.44
0.48
0.52
0.58
0.62
0.65
0.70
0.76
0.83
0.91
1.00
1.05
1.05
1.05
1.05
1.05
1.05
1.05
1.05
1.05
1.05
1.05
1.05
1.05
1.05
1.05
1.05
1.05
1.05
1.05
1.05
1.05
1.05
1.05
1.05
1.03
0.98
0.94
0.90
0.86
0.79
0.72
0.64
0.54
0.43
0.33
0.27
0.24
0.25
0.25
0.25
0.26
0.28
0.30
0.31
0.32
0.35
0.37
0.38
0.39
0.41
0.42
0.45
0.49
0.54
0.60
0.68
0.77
0.87
0.96
1.05
1.05
1.05
1.05
1.05
1.05
1.05
1.05
1.05
1.05
1.05
1.05
1.05
1.05
1.05
1.03
0.95
0.88
0.80
0.74
0.67
0.60
0.54
0.51
0.52
0.51
0.48
0.43
0.36
0.30
0.27
0.27
0.29
0.35
0.43
0.50
0.55
0.59
0.65
0.72
0.78
0.84
0.90
0.98
1.05
1.05
1.05
1.05
1.05
1.05
1.05
1.05
1.05
1.05
1.05
1.05
1.05
1.05
1.05
1.05
1.05
1.05
1.05
1.05
1.05
1.05
1.05
1.05
1.05
1.05
1.05
1.05
1.05
1.05
1.05
1.05
1.05
1.05
1.05
1.05
0.94
0.87
0.80
0.71
0.62
0.54
0.50
0.51
0.54
0.53
0.50
0.45
0.40
0.35
0.34
0.34
0.33
0.31
0.31
0.30
0.30
0.31
0.33
0.36
0.41
0.45
0.50
0.56
0.63
0.71
0.81
0.92
1.03
1.05
1.05
1.05
1.05
1.05
1.05
1.05
1.05
1.05
1.05
1.05
1.05
1.05
1.05
1.05
1.05
1.05
1.05
1.05
1.05
1.05
1.05
1.05
1.05
1.05
1.05
1.05
1.05
1.05
1.05
1.05
1.02
0.94
0.93
0.95
1.01
1.05
1.05
1.05
1.05
1.05
1.05
1.05
1.05
1.05
1.05
1.05
1.05
1.05
1.05
1.05
1.05
1.05
1.05
1.05
1.05
1.05
1.05
1.05
1.05
1.05
1.05
1.05
1.05
1.05
1.05
1.05
1.05
1.05
1.05
1.05
1.05
1.05
1.05
1.05
1.05
1.05
1.05
1.05
1.05
1.05
1.05
1.05
1.05
1.05
1.05
1.05
1.05
1.05
1.05
1.05
1.05
1.05
1.05
1.05
1.05
1.05
1.05
1.05
1.05
1.05
1.05
1.05
1.05
1.05
1.05
1.05
1.05
1.05
1.05
1.05
1.05
1.05
1.05
1.05
1.05
1.05
1.05
1.05
1.05
1.05
1.05
1.05
1.05
1.05
1.05
1.05
1.05
1.05
1.05
1.05
1.05
1.05
1.05
0.98
0.93
0.93
0.96
0.96
0.90
0.83
0.78
0.74
0.73
0.75
0.80
0.85
0.90
0.96
1.00
1.01
1.02
1.03
1.02
1.00
0.97
0.94
0.94
0.96
0.97
0.94
0.88
0.82
0.80
0.81
0.83
0.87
0.90
0.89
0.86
0.83
0.79
0.76
0.72
0.69
0.68
0.69
0.70
0.69
0.66
0.63
0.61
0.62
0.64
0.64
0.65
0.64
0.61
0.57
0.54
0.50
0.49
0.49
0.48
0.47
0.46
0.45
0.45
0.43
0.44
0.47
0.48
0.46
0.44
0.40
0.37
0.35
0.33
0.29
0.27
0.27
0.27
0.27
0.25
0.23
0.18
0.13
0.10
0.07
0.04
0.00
0.00
0.00
0.00
0.00
0.00
0.00
0.00
0.00
0.00
0.00
0.00
0.00
0.00
0.00
0.00
0.00
0.00
0.00
0.00
0.00
0.00
0.00
0.00
0.00
0.00
0.00
0.00
0.00
0.00
0.00
0.00
0.00
0.00
0.00
0.00
0.00
0.00
0.00
0.00
0.00
0.00
0.00
0.00
0.00
0.00
0.00
0.00
0.00
0.00
0.00
0.00
0.00
0.00
0.00
0.00
0.00
0.00
0.00
0.00
0.00
0.00
0.00
0.00
0.00
0.00
0.00
0.00
0.00
0.00
0.00
0.00
0.00
0.00
0.00
0.00
0.00
0.00
0.00
0.00
0.00
0.00
0.00
0.00
0.00
0.00
0.00
0.00
0.00
0.00
0.00
0.00
0.00
0.00
0.00
0.00
0.00
0.00
0.00
0.00
0.00
0.00
0.00
0.00
0.00
0.00
0.00
0.00
0.00
0.00
0.00
0.00
0.00
0.00
0.00
0.00
0.00
0.00
0.00
0.00
0.00
0.00
0.00
0.00
0.00
0.00
0.00
0.00
0.00
0.00
0.00
0.00
0.00
0.00
0.00
0.00
0.00
0.00
0.00
0.00
0.00
0.00
0.00
0.00
0.00
0.00
0.00
0.00
0.00
0.00
0.00
0.00
0.00
0.00
0.00
0.00
0.00
0.00
0.00
0.00
0.00
0.00
0.00
0.00
0.00
0.00
0.00
0.00
0.00
0.00
0.00
0.00
0.00
0.00
0.00
0.00
0.00
0.00
0.00
0.00
0.00
0.00
0.00
0.00
0.00
0.00
0.00
0.00
0.00
0.00
0.00
0.00
0.00
0.00
0.00
0.00
0.00
0.00
0.00
0.00
0.00
0.00
0.00
0.00
0.00
0.00
0.00
0.00
0.00
0.00
0.00
0.00
0.00
0.00
0.00
0.00
0.00
0.00
0.00
0.00
0.00
0.00
0.00
0.00
0.00
0.00
0.00
0.00
0.00
0.00
0.00
0.00
0.00
0.00
0.00
0.00
0.00
0.00
0.00
0.00
0.00
0.00
0.00
0.00
0.00
0.00
0.00
0.00
0.00
0.00
0.00
0.00
0.00
0.00
0.00
0.00
0.00
0.00
0.00
0.00
0.00
0.00
0.00
0.00
0.00
0.00
0.00
0.00
0.00
0.00
0.00
0.00
0.00
0.00
0.00
0.00
0.00
0.00
0.00
0.00
0.00
0.00
0.00
0.00
0.00
0.00
0.00
0.00
0.00
0.00
0.00
0.00
0.00
0.00
0.00
0.00
0.00
0.00
0.00
0.00
0.00
0.00
0.00
0.00
0.00
0.00
0.00
0.00
0.00
0.00
0.00
0.00
0.00
0.00
0.00
0.00
0.00
0.00
0.00
0.00
0.00
0.00
0.00
0.00
0.00
0.00
0.00
0.00
0.00
0.00
0.00
0.00
0.00
0.00
0.00
0.00
0.00
0.00
0.00
0.00
0.00
0.00
0.00
0.00
0.00
0.00
0.00
0.00
0.00
0.00
0.00
0.00
0.00
0.00
0.00
0.00
0.00
0.00
0.00
0.00
0.00
0.00
0.00
0.00
0.00
0.00
0.00
0.00
0.00
0.00
0.00
0.00
0.00
0.00
0.00
0.00
0.00
0.00
0.00
0.00
0.00
0.00
0.00
0.00
0.00
0.00
0.00
0.00
0.00
0.00
0.00
0.00
0.00
0.00
0.00
0.00
0.00
0.00
0.00
0.00
0.00
0.00
0.00
0.00
0.00
0.00
0.00
0.00
0.00
0.00
0.00
0.00
0.00
0.00
0.00
0.00
0.00
0.00
0.00
0.00
0.00
0.00
0.00
0.00
0.00
0.00
0.00
0.00
0.00
0.00
0.00
0.00
0.00
0.00
0.00
0.00
0.00
0.00
0.00
0.00
0.00
0.00
0.00
0.00
0.00
0.00
0.00
0.00
0.00
0.00
0.00
0.00
0.00
0.00
0.00
0.00
0.00
0.00
0.00
0.00
0.00
0.00
0.00
0.00
0.00
0.00
0.00
0.00
0.00
0.00
0.00
0.00
0.00
0.00
0.00
0.00
0.00
0.00
0.00
0.00
0.00
0.00
0.00
0.00
0.00
0.00
0.00
0.00
0.00
0.00
0.00
0.00
0.00
0.00
0.00
0.00
0.00
0.00
0.00
0.00
0.00
0.00
0.00
0.00
0.00
0.00
0.00
0.00
0.00
0.00
0.00
0.00
0.00
0.00
0.00
0.00
0.00
0.00
0.00
0.00
0.00
0.00
0.00
0.00
0.00
0.00
0.00
0.00
0.00
0.00
0.00
0.00
0.00
0.00
0.00
0.00
0.00
0.00
0.00
0.00
0.00
0.00
0.00
0.00
0.00
0.00
0.00
0.00
0.00
0.00
0.00
0.00
0.00
0.00
0.00
0.00
0.00
0.00
0.00
0.00
0.00
0.00
0.00
0.00
0.00
0.00
0.00
0.00
0.00
0.00
0.00
0.00
0.00
0.00
0.00
0.00
0.00
0.00
0.00
0.00
0.00
0.00
0.00
0.00
0.00
0.00
0.00
0.00
0.00
0.00
0.00
0.00
0.00
0.00
0.00
0.00
0.00
0.00
0.00
0.00
0.00
0.00
0.00
0.00
0.00
0.00
0.00
0.00
0.00
0.00
0.00
0.00
0.00
0.00
0.00
0.00
0.00
0.00
0.00
0.00
0.00
0.00
0.00
0.00
0.00
0.00
0.00
0.00
0.00
0.00
0.00
0.00
0.00
0.00
0.00
0.00
0.00
0.00
0.00
0.00
0.00
0.00
0.00
0.00
0.00
0.00
0.00
0.00
0.00
0.00
0.00
0.00
0.00
0.00
0.00
0.00
0.00
0.00
0.00
0.00
0.00
0.00
0.00
0.00
0.00
0.00
0.00
0.00
0.00
0.00
0.00
0.00
0.00
0.00
0.00
0.00
0.00
0.00
0.00
0.00
0.00
0.00
0.00
0.00
0.00
0.00
0.00
0.00
0.00
0.00
0.00
0.00
0.00
0.00
0.00
0.00
0.00
0.00
0.00
0.00
0.00
0.00
0.00
0.00
0.00
0.00
0.00
0.00
0.00
0.00
0.00
0.00
0.00
0.00
0.00
0.00
0.00
0.00
0.00
0.00
0.00
0.00
0.00
0.00
0.00
0.00
0.00
0.00
0.00
0.00
0.00
0.00
0.00
0.00
0.00
0.00
0.00
0.00
0.00
0.00
0.00
0.00
0.00
0.00
0.00
0.00
0.00
0.00
0.00
0.00
0.00
0.00
0.00
0.00
0.00
0.00
0.00
0.00
0.00
0.00
0.00
0.00
0.00
0.00
0.00
0.00
0.00
0.00
0.00
0.00
0.00
0.00
0.00
0.00
0.00
0.00
0.00
0.00
0.00
0.00
0.00
0.00
0.00
0.00
0.00
0.00
0.00
0.00
0.00
0.00
0.00
0.00
0.00
0.00
0.00
0.00
0.00
0.00
0.00
0.00
0.00
0.00
0.00
0.00
0.00
0.00
0.00
0.00
0.00
0.00
0.00
0.00
0.00
0.00
0.00
0.00
0.00
0.00
0.00
0.00
0.00
0.00
0.00
0.00
0.00
0.00
0.00
0.00
0.00
0.00
0.00
0.00
0.00
0.00
0.00
0.00
0.00
0.00
0.00
0.00
0.00
0.00
0.00
0.00
0.00
0.00
0.00
0.00
0.00
0.00
0.00
0.00
0.00
0.00
0.00
0.00
0.00
0.00
0.00
0.00
0.00
0.00
0.00
0.00
0.00
0.00
0.00
0.00
0.00
0.00
0.00
0.00
0.00
0.00
0.00
0.00
0.00
0.00
0.00
0.00
0.00
0.00
0.00
0.00
0.00
0.00
0.00
0.00
0.00
0.00
0.00
0.00
0.00
0.00
0.00
0.00
0.00
0.00
0.00
0.00
0.00
0.00
0.00
0.00
0.00
0.00
0.00
0.00
0.00
0.00
0.00
0.00
0.00
0.00
0.00
0.00
0.00
0.00
0.00
0.00
0.00
0.00
0.00
0.00
0.00
0.00
0.00
0.00
0.00
0.00
0.00
0.00
0.00
0.00
0.00
0.00
0.00
0.00
0.00
0.00
0.00
0.00
0.00
0.00
0.00
0.00
0.00
0.00
0.00
0.00
0.00
0.00
0.00
0.00
0.00
0.00
0.00
0.00
0.00
0.00
0.00
0.00
0.00
0.00
0.00
0.00
0.00
0.00
0.00
0.00
0.00
0.00
0.00
0.00
0.00
0.00
0.00
0.00
0.00
0.00
0.00
0.00
0.00
0.00
0.00
0.00
0.00
0.00
0.00
0.00
0.00
0.00
0.00
0.00
0.00
0.00
0.00
0.00
0.00
0.00
0.00
0.00
0.00
0.00
0.00
0.00
0.00
0.00
0.00
0.00
0.00
0.00
0.00
0.00
0.00
0.00
0.00
0.00
0.00
0.00
0.00
0.00
0.00
0.00
0.00
0.00
0.00
0.00
0.00
0.00
0.00
0.00
0.00
0.00
0.00
0.00
0.00
0.00
0.00
0.00
0.00
0.00
0.00
0.00
0.00
0.00
0.00
0.00
0.00
0.00
0.00
0.00
0.00
0.00
0.00
0.00
