0.88
0.95
0.81
0.66
0.60
0.57
0.45
0.48
0.45
0.45
0.44
0.45
0.43
0.40
0.39
0.38
0.36
0.38
0.39
0.36
0.39
0.39
0.37
0.39
0.40
0.38
0.40
0.40
0.40
0.40
0.40
0.41
0.42
0.42
0.41
0.42
0.43
0.53
0.53
0.51
0.52
0.61
0.62
0.67
0.58
0.67
0.58
0.67
0.58
0.67
0.58
0.67
0.58
0.66
0.57
0.70
0.74
0.74
0.82
0.74
0.85
0.87
0.88
0.90
0.91
0.91
0.92
0.91
0.91
0.89
0.84
0.85
0.84
0.83
0.79
0.82
0.77
0.82
0.76
0.82
0.75
0.83
0.76
0.83
0.76
0.84
0.78
0.85
0.79
0.85
0.77
0.86
0.79
0.87
0.81
0.86
0.79
0.87
0.80
0.89
0.81
0.89
0.83
0.91
0.85
0.92
0.85
0.92
0.85
0.92
0.85
0.91
0.85
0.91
0.84
0.91
0.84
0.90
0.84
0.90
0.84
0.90
0.83
0.90
0.83
0.87
0.85
0.91
0.85
0.92
0.87
0.94
0.88
0.93
0.93
0.94
0.96
0.90
0.95
0.89
0.94
0.97
0.96
0.96
0.90
0.96
0.90
0.94
0.96
0.97
0.91
0.97
0.91
0.97
0.90
0.96
0.90
0.95
0.89
0.95
0.89
0.89
0.90
0.88
0.88
0.87
0.88
0.86
0.86
0.84
0.85
0.89
0.81
0.82
0.80
0.85
0.77
0.77
0.75
0.83
0.75
0.80
0.73
0.80
0.73
0.81
0.74
0.82
0.74
0.83
0.75
0.83
0.75
0.85
0.76
0.84
0.76
0.83
0.77
0.83
0.77
0.86
0.85
0.89
0.90
0.92
0.94
0.97
1.02
1.05
1.09
1.12
1.16
1.19
1.20
1.30
1.42
1.38
1.35
1.35
1.35
1.32
1.34
1.33
1.35
1.33
1.32
1.29
1.27
1.25
1.23
1.22
1.25
1.22
1.17
1.15
1.16
1.16
1.17
1.17
1.17
1.13
1.11
1.10
1.08
1.03
1.01
1.02
1.00
0.94
0.92
0.94
0.95
0.94
0.95
0.92
0.87
0.84
0.87
0.86
0.88
0.89
0.87
0.87
0.86
0.88
0.85
0.80
0.84
0.78
0.85
0.77
0.86
0.78
0.88
0.80
0.89
0.81
0.90
0.82
0.92
0.84
0.93
0.85
0.94
0.87
0.96
0.88
0.97
0.89
0.97
0.90
0.98
0.90
0.98
0.91
0.98
0.91
0.99
0.91
1.01
0.95
1.01
0.97
1.06
0.98
1.07
1.01
1.09
1.01
1.08
1.04
1.09
1.04
1.08
1.08
1.12
1.09
1.14
1.12
1.17
1.13
1.20
1.15
1.22
1.16
1.25
1.18
1.26
1.18
1.27
1.22
1.30
1.22
1.31
1.25
1.25
1.20
1.20
1.12
1.20
1.13
1.21
1.15
1.22
1.15
1.25
1.19
1.26
1.19
1.27
1.20
1.27
1.20
1.26
1.20
1.27
1.20
1.25
1.27
1.26
1.26
1.19
1.24
1.19
1.20
1.23
1.23
1.21
1.21
1.20
1.22
1.21
1.27
1.18
1.22
1.14
1.18
1.11
1.21
1.12
1.17
1.09
1.19
1.11
1.19
1.11
1.21
1.12
1.21
1.13
1.20
1.19
1.22
1.21
1.20
1.22
1.25
1.24
1.27
1.30
1.30
1.33
1.38
1.38
1.41
1.43
1.46
1.48
1.56
1.53
1.50
1.50
1.47
1.48
1.50
1.48
1.51
1.50
1.53
1.50
1.46
1.43
1.45
1.44
1.45
1.42
1.36
1.34
1.37
1.37
1.39
1.36
1.28
1.26
1.29
1.26
1.23
1.21
1.21
1.22
1.22
1.22
1.23
1.21
1.18
1.11
1.09
1.12
1.09
1.07
1.05
1.07
1.07
1.08
1.06
1.01
1.01
1.02
1.01
0.94
1.01
0.94
1.03
0.96
1.04
0.97
1.06
0.99
1.07
0.99
1.08
1.01
1.09
1.01
1.10
1.03
1.11
1.04
1.12
1.06
1.13
1.06
1.12
1.06
1.12
1.05
1.12
1.05
1.12
1.05
1.11
1.05
1.11
1.04
1.11
1.04
1.11
1.04
1.14
1.12
1.13
1.12
1.15
1.18
1.20
1.26
1.23
1.30
1.25
1.33
1.26
1.35
1.27
1.36
1.30
1.37
1.30
1.36
1.31
1.38
1.31
1.37
1.31
1.38
1.31
1.35
1.30
1.37
1.30
1.36
1.29
1.36
1.28
1.35
1.28
1.35
1.27
1.32
1.23
1.22
1.15
1.24
1.15
1.19
1.11
1.21
1.12
1.21
1.13
1.20
1.13
1.20
1.19
1.19
1.22
1.22
1.25
1.28
1.31
1.33
1.33
1.36
1.42
1.41
1.42
1.42
1.39
1.42
1.55
1.55
1.47
1.44
1.43
1.40
1.33
1.32
1.34
1.36
1.36
1.38
1.38
1.40
1.40
1.42
1.43
1.44
1.44
1.47
1.45
1.47
1.48
1.47
1.49
1.48
1.50
1.51
1.50
1.50
1.48
1.43
1.41
1.42
1.41
1.43
1.41
1.34
1.32
1.34
1.32
1.28
1.26
1.26
1.25
1.26
1.23
1.18
1.15
1.18
1.17
1.19
1.17
1.10
1.07
1.10
1.08
1.06
1.05
1.03
1.06
0.99
1.07
0.99
1.08
1.00
1.09
1.02
1.11
1.03
1.12
1.04
1.13
1.04
1.14
1.06
1.15
1.08
1.16
1.09
1.17
1.10
1.17
1.10
1.17
1.10
1.17
1.10
1.17
1.10
1.17
1.10
1.17
1.10
1.18
1.12
1.20
1.18
1.17
1.19
1.18
1.21
1.28
1.27
1.33
1.28
1.31
1.30
1.36
1.32
1.40
1.32
1.41
1.35
1.43
1.35
1.44
1.38
1.45
1.38
1.46
1.38
1.45
1.38
1.43
1.36
1.43
1.36
1.42
1.35
1.41
1.34
1.40
1.33
1.39
1.32
1.38
1.31
1.32
1.25
1.28
1.23
1.29
1.22
1.29
1.22
1.29
1.22
1.29
1.22
1.30
1.21
1.29
1.21
1.29
1.21
1.30
1.22
1.30
1.22
1.28
1.19
1.29
1.20
1.29
1.24
1.27
1.28
1.32
1.28
1.33
1.35
1.35
1.38
1.42
1.41
1.43
1.44
1.47
1.48
1.51
1.53
1.56
1.65
1.76
1.75
1.72
1.67
1.64
1.63
1.62
1.61
1.63
1.63
1.65
1.62
1.56
1.54
1.57
1.55
1.52
1.50
1.49
1.47
1.45
1.43
1.42
1.42
1.44
1.41
1.36
1.34
1.36
1.37
1.36
1.38
1.36
1.28
1.25
1.28
1.26
1.23
1.21
1.23
1.23
1.24
1.22
1.15
1.13
1.16
1.14
1.13
1.11
1.10
1.11
1.08
1.12
1.04
1.12
1.05
1.14
1.07
1.15
1.08
1.17
1.09
1.18
1.09
1.18
1.11
1.20
1.13
1.21
1.14
1.23
1.16
1.23
1.16
1.23
1.16
1.23
1.15
1.22
1.15
1.22
1.15
1.22
1.15
1.22
1.15
1.22
1.15
1.26
1.23
1.22
1.25
1.28
1.28
1.31
1.31
1.36
1.33
1.40
1.34
1.42
1.35
1.44
1.36
1.45
1.38
1.45
1.37
1.44
1.39
1.46
1.39
1.45
1.39
1.45
1.39
1.45
1.38
1.45
1.38
1.45
1.38
1.43
1.36
1.42
1.35
1.38
1.30
1.31
1.24
1.30
1.21
1.22
1.15
1.18
1.10
1.21
1.12
1.21
1.13
1.22
1.13
1.21
1.19
1.19
1.22
1.24
1.27
1.28
1.26
1.29
1.32
1.31
1.34
1.38
1.39
1.42
1.47
1.47
1.48
1.56
1.44
1.45
1.44
1.44
1.44
1.46
1.46
1.48
1.48
1.50
1.50
1.52
1.53
1.53
1.55
1.54
1.56
1.56
1.58
1.56
1.58
1.59
1.58
1.60
1.59
1.61
1.59
1.52
1.50
1.52
1.51
1.51
1.49
1.43
1.41
1.43
1.42
1.41
1.38
1.35
1.33
1.32
1.30
1.29
1.27
1.26
1.25
1.25
1.24
1.21
1.18
1.18
1.17
1.18
1.15
1.11
1.13
1.09
1.14
1.06
1.15
1.08
1.16
1.09
1.18
1.10
1.19
1.12
1.20
1.13
1.21
1.14
1.22
1.15
1.23
1.17
1.25
1.17
1.25
1.17
1.24
1.17
1.24
1.18
1.24
1.18
1.24
1.17
1.24
1.18
1.24
1.17
1.24
1.17
1.28
1.24
1.23
1.26
1.30
1.29
1.33
1.31
1.37
1.33
1.40
1.34
1.42
1.36
1.44
1.36
1.44
1.39
1.46
1.39
1.46
1.39
1.46
1.39
1.45
1.38
1.45
1.38
1.45
1.38
1.43
1.35
1.38
1.31
1.38
1.31
1.38
1.31
1.37
1.29
1.36
1.28
1.30
1.21
1.26
1.18
1.26
1.18
1.27
1.18
1.25
1.17
1.22
1.12
1.22
1.16
1.21
1.21
1.24
1.23
1.23
1.26
1.30
1.33
1.35
1.35
1.38
1.41
1.42
1.43
1.43
1.41
1.44
1.46
1.48
1.50
1.53
1.62
1.62
1.62
1.61
1.61
1.60
1.61
1.60
1.63
1.61
1.64
1.63
1.66
1.64
1.62
1.60
1.58
1.56
1.57
1.56
1.56
1.54
1.49
1.46
1.48
1.48
1.50
1.47
1.40
1.38
1.40
1.39
1.36
1.33
1.33
1.32
1.34
1.32
1.28
1.25
1.27
1.26
1.27
1.24
1.19
1.17
1.20
1.19
1.19
1.16
1.12
1.11
1.12
1.12
1.09
1.12
1.04
1.13
1.06
1.15
1.07
1.16
1.09
1.17
1.09
1.18
1.11
1.19
1.11
1.20
1.13
1.21
1.13
1.22
1.16
1.24
1.17
1.24
1.16
1.23
1.16
1.23
1.16
1.23
1.16
1.23
1.16
1.21
1.16
1.26
1.23
1.21
1.24
1.27
1.27
1.30
1.29
1.34
1.32
1.38
1.33
1.40
1.33
1.42
1.35
1.43
1.36
1.44
1.37
1.45
1.39
1.46
1.39
1.46
1.39
1.45
1.38
1.43
1.36
1.42
1.35
1.41
1.34
1.39
1.32
1.38
1.31
1.37
1.30
1.35
1.26
1.25
1.17
1.20
1.11
1.14
1.10
1.19
1.11
1.20
1.12
1.21
1.12
1.20
1.11
1.16
1.19
1.19
1.19
1.19
1.22
1.27
1.30
1.32
1.32
1.34
1.36
1.36
1.39
1.41
1.41
1.43
1.45
1.47
1.50
1.59
1.53
1.53
1.54
1.52
1.53
1.50
1.53
1.53
1.53
1.55
1.54
1.56
1.56
1.58
1.56
1.53
1.50
1.49
1.47
1.44
1.42
1.42
1.42
1.44
1.41
1.36
1.34
1.36
1.35
1.35
1.33
1.28
1.25
1.28
1.27
1.27
1.25
1.20
1.17
1.20
1.19
1.17
1.15
1.13
1.10
1.10
1.09
1.11
1.10
1.03
1.10
1.02
1.12
1.04
1.13
1.05
1.14
1.07
1.16
1.08
1.17
1.10
1.19
1.11
1.20
1.13
1.22
1.14
1.23
1.16
1.24
1.16
1.24
1.16
1.23
1.16
1.24
1.16
1.23
1.16
1.23
1.16
1.24
1.16
1.24
1.17
1.27
1.24
1.23
1.26
1.31
1.30
1.31
1.32
1.36
1.36
1.42
1.38
1.45
1.39
1.47
1.40
1.49
1.41
1.50
1.43
1.51
1.43
1.51
1.46
1.53
1.46
1.54
1.46
1.53
1.46
1.51
1.44
1.51
1.44
1.50
1.43
1.49
1.42
1.48
1.41
1.46
1.40
1.45
1.39
1.44
1.36
1.33
1.25
1.26
1.25
1.26
1.27
1.26
1.23
1.30
1.22
1.21
1.16
1.27
1.17
1.25
1.17
1.27
1.18
1.27
1.20
1.24
1.27
1.27
1.30
1.31
1.30
1.33
1.43
1.45
1.46
1.47
1.44
1.47
1.48
1.47
1.57
1.50
1.47
1.46
1.45
1.46
1.47
1.49
1.49
1.51
1.52
1.53
1.54
1.56
1.56
1.58
1.56
1.59
1.59
1.61
1.60
1.62
1.61
1.62
1.59
1.54
1.51
1.53
1.53
1.52
1.50
1.45
1.43
1.44
1.43
1.42
1.40
1.36
1.34
1.35
1.34
1.37
1.34
1.28
1.26
1.29
1.27
1.26
1.24
1.21
1.19
1.19
1.19
1.21
1.18
1.13
1.12
1.14
1.14
1.11
1.14
1.07
1.15
1.08
1.17
1.10
1.18
1.11
1.19
1.12
1.20
1.13
1.21
1.13
1.22
1.15
1.23
1.15
1.24
1.19
1.25
1.18
1.24
1.18
1.24
1.17
1.24
1.17
1.24
1.17
1.23
1.17
1.23
1.16
1.23
1.16
1.22
1.15
1.22
1.17
1.27
1.22
1.22
1.24
1.30
1.28
1.35
1.30
1.37
1.30
1.38
1.31
1.40
1.33
1.41
1.34
1.40
1.34
1.41
1.33
1.38
1.31
1.38
1.31
1.34
1.28
1.36
1.28
1.36
1.28
1.36
1.29
1.36
1.28
1.33
1.25
1.31
1.23
1.29
1.21
1.29
1.20
1.25
1.15
1.23
1.14
1.22
1.21
1.23
1.24
1.25
1.24
1.26
1.33
1.31
1.34
1.38
1.38
1.41
1.46
1.47
1.48
1.48
1.45
1.48
1.51
1.51
1.49
1.48
1.55
1.48
1.46
1.44
1.46
1.45
1.45
1.45
1.45
1.46
1.47
1.48
1.49
1.44
1.46
1.46
1.49
1.49
1.52
1.51
1.54
1.54
1.55
1.55
1.53
1.54
1.47
1.52
1.47
1.50
1.45
1.48
1.43
1.47
1.42
1.46
1.43
1.46
1.42
1.45
1.39
1.43
1.39
1.42
1.40
1.42
1.38
1.41
1.36
1.40
1.39
1.47
1.49
1.44
1.43
1.46
1.49
1.40
1.46
1.46
1.47
1.46
1.43
1.47
1.48
1.49
1.47
1.47
1.46
1.45
1.42
1.45
1.42
1.42
1.41
1.41
1.39
1.40
1.36
1.40
1.37
1.37
1.35
1.35
1.34
1.34
1.34
1.33
1.34
1.23
1.19
1.20
1.15
1.15
1.08
1.02
0.93
0.86
0.84
0.74
0.81
0.85
0.88
0.91
0.94
1.01
1.09
1.18
1.21
1.32
1.31
1.32
1.31
1.34
1.33
1.34
1.36
1.35
1.38
1.38
1.41
1.40
1.43
1.44
1.46
1.46
1.49
1.50
1.53
1.52
1.55
1.57
1.59
1.61
1.61
1.64
1.66
1.67
1.70
1.69
1.73
1.75
1.76
1.79
1.79
1.81
1.82
1.80
1.82
1.78
1.81
1.81
1.78
1.80
1.81
1.78
1.80
1.79
1.79
1.79
1.76
1.78
1.78
1.75
1.74
1.70
1.72
1.67
1.72
1.68
1.67
1.65
1.59
1.54
1.54
1.55
1.51
1.53
1.49
1.48
1.43
1.47
1.44
1.41
1.39
1.32
1.30
1.27
1.33
1.29
1.30
1.24
1.26
1.21
1.21
1.20
1.14
1.12
1.11
1.17
1.10
1.04
0.97
0.91
0.85
0.79
0.73
0.68
0.62
0.67
0.72
0.77
0.86
0.88
0.89
0.94
1.03
1.06
1.04
1.09
1.14
1.14
1.19
1.19
1.24
1.25
1.30
1.31
1.36
1.36
1.40
1.41
1.43
1.43
1.44
1.45
1.46
1.46
1.40
1.40
1.41
1.41
1.42
1.46
1.46
1.50
1.51
1.55
1.46
1.35
1.22
1.08
1.07
1.08
1.08
1.22
1.35
1.43
1.42
1.40
1.37
1.50
1.64
1.78
1.93
2.07
2.22
2.37
2.52
2.67
2.68
2.82
2.84
2.85
2.87
2.90
2.90
2.90
2.90
2.91
2.91
2.91
2.92
2.92
2.93
2.93
2.94
2.94
2.95
2.95
2.96
2.97
2.97
2.98
2.99
2.99
3.00
3.01
3.02
3.02
3.03
3.03
3.04
3.05
3.05
3.05
3.05
3.05
3.05
3.04
3.03
3.02
3.01
3.00
2.98
2.97
2.95
2.91
2.89
2.87
2.86
2.85
2.84
2.83
2.82
2.81
2.80
2.79
2.78
2.77
2.76
2.75
2.74
2.73
2.72
2.71
2.70
2.68
2.67
2.66
2.65
2.64
2.62
2.61
2.60
2.58
2.57
2.56
2.54
2.53
2.51
2.50
2.48
2.47
2.45
2.44
2.42
2.40
2.38
2.36
2.35
2.33
2.31
2.29
2.26
2.24
2.22
2.20
2.17
2.15
2.12
2.10
2.07
2.09
2.13
2.16
2.20
2.23
2.26
2.29
2.31
2.33
2.35
2.36
2.37
2.38
2.38
2.38
2.37
2.36
2.35
2.34
2.32
2.30
2.28
2.25
2.23
2.20
2.17
2.14
2.10
2.07
2.03
1.99
1.95
1.91
1.87
1.82
1.78
1.73
1.68
1.63
1.58
1.53
1.48
1.42
1.37
1.31
1.25
1.19
1.13
1.11
1.05
0.97
0.89
0.81
0.74
0.66
0.58
0.50
0.42
0.34
0.25
0.17
0.08
-0.00
-0.09
-0.18
-0.27
-0.36
-0.46
-0.58
-0.72
-0.86
-1.01
-1.17
-1.34
-1.52
-1.70
-1.90
-2.10
-2.31
-2.53
-2.76
-3.00
-3.24
-3.33
-2.67
-2.13
-1.69
-1.34
-1.05
-0.81
-0.63
-0.47
-0.35
-0.26
-0.19
-0.15
-0.12
-0.10
-0.06
-0.03
-0.01
0.01
0.03
0.05
0.11
0.17
0.22
0.27
0.30
0.35
0.39
0.42
0.45
0.47
0.48
0.49
0.50
0.51
0.53
0.55
0.55
0.53
0.50
0.48
0.46
0.44
0.42
0.40
0.41
0.39
0.40
0.39
0.41
0.40
0.40
0.43
0.47
0.51
0.57
0.62
0.66
0.73
0.77
0.82
0.87
0.92
0.96
0.86
0.78
0.69
0.60
0.49
0.37
0.40
0.42
0.43
0.45
0.49
0.52
0.56
0.60
0.63
0.67
0.71
0.74
0.78
0.80
0.74
0.68
0.61
0.56
0.51
0.46
0.42
0.38
0.35
0.32
0.30
0.27
0.25
0.23
0.18
0.13
0.08
0.02
0.01
-0.05
-0.07
-0.10
-0.10
-0.15
-0.13
-0.16
-0.13
-0.16
-0.13
-0.13
-0.10
-0.13
-0.10
-0.08
-0.09
-0.07
-0.09
-0.06
-0.09
-0.11
-0.13
-0.17
-0.21
-0.26
-0.22
-0.25
-0.17
-0.10
-0.03
0.04
0.10
0.17
0.23
0.30
0.36
0.44
0.56
0.69
0.81
0.92
1.02
1.11
1.10
1.08
1.07
1.05
1.02
0.98
0.94
0.88
0.82
0.74
0.65
0.55
0.41
0.28
0.16
0.03
-0.09
-0.21
-0.32
-0.41
-0.49
-0.53
-0.57
-0.59
-0.60
-0.61
-0.62
-0.62
-0.61
-0.60
-0.59
-0.58
-0.56
-0.54
-0.52
-0.50
-0.48
-0.46
-0.43
-0.41
-0.38
-0.35
-0.32
-0.29
-0.26
-0.23
-0.19
-0.16
-0.12
-0.08
-0.04
0.01
0.06
0.12
0.18
0.25
0.31
0.37
0.44
0.50
0.56
0.54
0.52
0.49
0.46
0.43
0.39
0.35
0.30
0.24
0.17
0.10
0.01
-0.09
-0.27
-0.45
-0.64
-0.71
-0.78
-0.84
-0.90
-0.96
-1.01
-1.05
-1.09
-1.12
-1.15
-1.21
-1.29
-1.21
-1.22
-1.23
-1.24
-1.24
-1.24
-1.24
-1.22
-1.06
-0.90
-0.73
-0.57
-0.40
-0.23
-0.07
0.10
0.26
0.41
0.41
0.40
0.24
0.39
0.53
0.66
0.78
0.89
0.98
1.06
0.96
0.84
0.69
0.50
0.27
-0.01
-0.34
-0.75
-1.10
-1.31
-1.24
-1.12
-1.11
-1.00
-0.90
-0.79
-0.69
-0.60
-0.61
-0.62
-0.62
-0.63
-0.60
-0.59
-0.53
-0.56
-0.50
-0.39
-0.31
-0.25
-0.22
-0.22
-0.24
-0.28
-0.35
-0.42
-0.50
-0.58
-0.66
-0.70
-0.72
-0.73
-0.72
-0.71
-0.70
-0.67
-0.65
-0.62
-0.74
-0.71
-0.70
-0.63
-0.59
-0.55
-0.51
-0.46
-0.42
-0.37
-0.33
-0.28
-0.23
-0.19
-0.20
-0.17
-0.16
-0.10
-0.19
0.00
0.03
0.04
-0.02
-0.03
-0.05
-0.10
-0.12
-0.14
-0.17
-0.19
-0.21
-0.23
-0.26
-0.28
-0.30
-0.32
-0.37
-0.44
-0.50
-0.57
-0.64
-0.71
-0.77
-0.83
-0.87
-0.90
-0.92
-0.90
-0.87
-0.83
-0.77
-0.72
-0.66
-0.59
-0.53
-0.46
-0.40
-0.33
-0.27
-0.21
-0.16
-0.12
-0.08
-0.18
-0.30
-0.45
-0.59
-0.73
-0.88
-1.02
-1.16
-1.24
-0.98
-0.76
-0.58
-0.42
-0.29
-0.19
-0.11
-0.05
-0.02
-0.01
-0.02
-0.06
-0.12
-0.21
-0.32
-0.42
-0.61
-0.80
-0.98
-1.15
-1.32
-1.49
-1.67
-1.86
-2.05
-2.24
-2.44
-2.63
-2.83
-3.03
-3.23
-3.43
-3.63
-3.82
-4.01
-4.19
-4.36
-4.53
-4.69
-4.85
-5.01
-4.33
-3.56
-2.88
-2.29
-1.76
-1.32
-0.78
-0.30
0.10
0.44
0.72
0.94
1.11
1.24
1.34
1.40
1.43
1.44
1.43
1.41
1.37
1.32
1.34
1.34
1.34
1.21
1.20
1.19
1.17
1.14
1.11
1.07
1.03
0.98
0.93
0.87
0.80
0.73
0.54
0.45
0.36
0.26
0.15
0.03
-0.09
-0.22
-0.36
-0.51
-0.67
-0.83
-1.00
-1.17
-1.35
-1.55
-1.73
-1.91
-2.03
-1.97
-1.84
-1.70
-1.53
-1.37
-1.22
-1.08
-0.96
-0.83
-0.64
-0.53
-0.42
-0.31
-0.21
-0.22
-0.23
-0.24
-0.25
-0.26
-0.27
-0.19
-0.20
-0.20
-0.17
-0.17
-0.10
-0.03
0.04
0.10
0.15
0.19
0.24
0.29
0.33
0.34
0.31
0.28
0.25
0.26
0.26
0.26
0.26
0.26
0.25
0.25
0.24
0.24
0.23
0.22
0.21
0.20
0.19
0.18
0.17
0.16
0.14
0.14
0.12
0.11
0.10
0.09
0.08
0.07
0.06
0.08
0.06
0.07
0.09
0.07
0.08
0.11
0.08
0.10
0.11
0.09
0.10
0.11
0.08
0.10
0.10
0.12
0.10
0.12
0.09
0.12
0.09
0.10
0.12
0.09
0.12
0.09
0.11
0.09
0.11
0.09
0.12
0.09
0.12
0.09
0.12
0.09
0.11
0.09
0.11
0.09
0.11
0.09
0.11
0.09
0.12
0.09
0.12
0.09
0.12
0.09
0.11
0.09
0.11
0.09
0.11
0.09
0.11
0.09
0.11
0.09
0.11
0.09
0.11
0.09
0.11
0.09
0.11
0.08
0.11
0.08
0.11
0.08
0.11
0.08
0.11
0.08
0.11
0.08
0.11
0.08
0.11
0.08
0.11
0.08
0.11
0.08
0.10
0.08
0.10
0.09
0.18
0.27
0.35
0.42
0.49
0.56
0.61
0.67
0.72
0.77
0.81
0.85
0.89
0.92
0.95
0.98
1.00
1.02
1.04
1.06
1.07
1.08
1.09
1.10
1.11
1.11
1.12
1.12
1.12
1.12
1.12
1.12
1.12
1.11
1.11
1.10
1.09
1.08
1.07
1.06
1.05
1.04
1.02
1.01
0.99
0.98
0.96
0.94
0.91
0.89
0.87
0.84
0.81
0.78
0.74
0.70
0.66
0.63
0.60
0.57
0.53
0.49
0.45
0.40
0.35
0.28
0.20
0.11
0.03
-0.05
-0.13
-0.20
-0.27
-0.32
-0.36
-0.40
-0.49
-0.59
-0.71
-0.77
-0.89
-0.94
-1.01
-1.08
-0.81
-0.56
-0.32
-0.10
0.09
0.27
0.43
0.56
0.68
0.78
0.82
0.88
0.93
0.99
1.04
1.09
1.13
1.17
1.20
1.23
1.24
1.25
1.26
1.26
1.26
1.24
1.22
1.20
1.17
1.15
1.12
1.08
1.05
1.02
0.98
0.94
0.91
0.87
0.83
0.79
0.75
0.71
0.64
0.58
0.52
0.47
0.42
0.37
0.33
0.29
0.26
0.23
0.20
0.18
0.16
0.14
0.12
0.10
0.09
0.10
0.10
0.10
0.09
0.09
0.08
0.08
0.07
0.06
0.06
0.05
0.05
0.04
0.04
0.03
0.03
0.03
0.02
0.03
0.04
0.04
0.04
0.04
0.04
0.04
0.03
0.03
0.02
0.02
0.01
0.00
-0.00
-0.01
-0.02
-0.02
-0.03
-0.04
-0.04
-0.01
0.01
0.04
0.06
0.08
0.10
0.12
0.12
0.12
0.12
0.13
0.13
0.13
0.13
0.14
0.14
0.14
0.14
0.14
0.14
0.15
0.15
0.15
0.15
0.15
0.15
0.16
0.16
0.16
0.16
0.16
0.16
0.16
0.17
0.17
0.17
0.17
0.15
0.13
0.11
0.10
0.09
0.07
0.06
0.05
0.04
0.03
0.03
0.02
0.01
0.01
0.01
0.00
-0.00
-0.00
-0.01
-0.01
-0.01
-0.01
-0.01
-0.01
-0.01
-0.01
-0.01
-0.01
-0.01
-0.01
-0.01
-0.01
-0.01
-0.01
-0.01
-0.01
-0.01
-0.01
-0.01
-0.01
-0.01
-0.01
-0.01
-0.01
-0.01
-0.01
-0.00
-0.00
-0.00
-0.00
-0.00
-0.00
-0.00
-0.00
-0.00
-0.00
-0.00
-0.00
-0.00
-0.00
-0.00
-0.00
-0.00
-0.00
-0.00
0.00
0.00
0.00
0.00
0.00
0.00
0.00
0.00
0.00
0.00
0.00
0.00
0.00
0.00
0.00
0.00
0.00
0.00
0.00
0.00
0.00
0.00
0.00
0.00
0.00
0.00
0.00
0.00
0.00
0.00
0.00
0.00
0.00
0.00
0.00
0.00
0.00
0.00
0.00
0.00
0.00
0.00
0.00
0.00
0.00
0.00
0.00
0.00
0.00
0.00
0.00
0.00
0.00
0.00
0.00
0.00
0.00
0.00
0.00
0.00
0.00
0.00
0.00
0.00
0.00
0.00
0.00
0.00
0.00
0.00
0.00
0.00
0.00
0.00
0.00
0.00
0.00
0.00
0.00
0.00
0.00
0.00
0.00
0.00
0.00
0.00
0.00
0.00
0.00
0.00
0.00
0.00
0.00
0.00
0.00
0.00
0.00
0.00
0.00
0.00
0.00
0.00
0.00
0.00
0.00
0.00
0.00
0.00
0.00
0.00
0.00
0.00
0.00
0.00
0.00
0.00
0.00
0.00
0.00
0.00
0.00
0.00
0.00
0.00
0.00
0.00
0.00
0.00
0.00
0.00
0.00
0.00
0.00
0.00
0.00
0.00
0.00
0.00
0.00
0.00
0.00
0.00
0.00
0.00
0.00
0.00
0.00
0.00
0.00
0.00
0.00
0.00
0.00
0.00
0.00
0.00
0.00
0.00
0.00
0.00
0.00
0.00
0.00
0.00
0.00
0.00
0.00
0.00
0.00
0.00
0.00
0.00
0.00
0.00
0.00
0.00
0.00
0.00
0.00
0.00
0.00
0.00
0.00
0.00
0.00
0.00
0.00
0.00
0.00
0.00
0.00
0.00
0.00
0.00
0.00
0.00
0.00
0.00
0.00
0.00
0.00
0.00
0.00
0.00
0.00
0.00
0.00
0.00
0.00
0.00
0.00
0.00
0.00
0.00
0.00
0.00
0.00
0.00
0.00
0.00
0.00
0.00
0.00
0.00
0.00
0.00
0.00
0.00
0.00
0.00
0.00
0.00
0.00
0.00
0.00
0.00
0.00
0.00
0.00
0.01
0.01
0.01
0.02
0.02
0.02
0.02
0.02
0.02
0.02
0.02
0.02
0.02
0.02
0.02
0.02
0.02
0.02
0.02
0.02
0.02
0.02
0.02
0.02
0.01
0.01
0.01
0.01
0.01
0.01
0.01
0.01
0.01
0.01
0.01
0.01
0.01
0.01
0.01
0.01
0.01
0.01
0.01
0.01
0.01
0.01
0.01
0.01
0.01
0.01
0.01
0.01
0.01
0.01
0.01
0.01
0.01
0.01
0.01
0.01
0.01
0.01
0.01
0.01
0.00
0.00
0.00
0.00
0.00
0.00
0.00
0.00
0.00
0.00
0.00
0.00
0.00
0.00
0.00
0.00
0.00
-0.00
-0.00
-0.00
-0.00
-0.00
-0.00
-0.00
-0.00
-0.00
-0.00
-0.00
-0.00
-0.00
-0.00
-0.00
-0.01
-0.01
-0.01
-0.01
-0.01
-0.01
-0.01
-0.01
-0.01
-0.01
-0.01
-0.01
-0.01
-0.01
-0.01
-0.01
-0.02
-0.02
-0.02
-0.02
-0.02
-0.03
-0.03
-0.03
-0.04
-0.04
-0.05
-0.05
-0.05
-0.06
-0.06
-0.07
-0.07
-0.07
-0.08
-0.08
-0.08
-0.09
-0.09
-0.09
-0.10
-0.10
-0.11
-0.11
-0.11
-0.12
-0.12
-0.13
-0.13
-0.14
-0.14
-0.14
-0.15
-0.15
-0.16
-0.17
-0.17
-0.18
-0.18
-0.19
-0.20
-0.21
-0.21
-0.22
-0.23
-0.24
-0.25
-0.26
-0.27
-0.28
-0.29
-0.30
-0.31
-0.32
-0.33
-0.35
-0.36
-0.37
-0.39
-0.40
-0.42
-0.44
-0.37
-0.31
-0.23
-0.15
-0.07
-0.00
0.07
0.13
0.19
0.25
0.30
0.35
0.39
0.43
0.46
0.47
0.48
0.49
0.53
0.53
0.56
0.57
0.58
0.59
0.60
0.61
0.63
0.64
0.65
0.67
0.68
0.73
0.77
0.81
0.84
0.83
0.84
0.82
0.80
0.78
0.77
0.74
0.71
0.67
0.49
0.33
0.18
0.03
-0.11
-0.25
-0.39
-0.53
-0.68
-0.83
-0.98
-1.14
-1.30
-1.46
-1.63
-1.79
-1.97
-2.14
-2.31
-2.49
-2.67
-2.86
-3.04
-3.23
-3.42
-3.54
-3.64
-3.71
-3.57
-3.40
-3.26
-3.14
-3.05
-2.98
-2.92
-2.88
-2.88
-2.77
-2.66
-2.47
-1.93
-1.50
-1.16
-0.88
-0.65
-0.47
-0.33
-0.23
-0.14
-0.08
-0.04
-0.00
0.02
0.03
0.03
0.03
0.02
0.02
0.02
0.02
0.01
0.02
0.05
0.07
0.10
0.12
0.12
0.12
0.11
0.10
0.10
0.09
0.08
0.08
0.07
0.07
0.06
0.06
0.08
0.11
0.14
0.16
0.19
0.25
0.28
0.33
0.36
0.42
0.43
0.45
0.47
0.52
0.59
0.60
0.62
0.63
0.64
0.65
0.58
0.44
0.30
0.17
0.04
-0.08
-0.08
-0.06
-0.05
-0.03
-0.00
0.15
0.30
0.43
0.47
0.57
0.60
0.60
0.63
0.64
0.65
0.66
0.68
0.71
0.76
0.82
0.89
0.96
1.05
1.13
1.31
1.46
1.63
1.75
1.91
1.98
2.04
2.11
2.14
2.21
2.24
2.31
2.35
2.42
2.46
2.45
2.43
2.41
2.40
2.39
2.39
2.38
2.37
2.37
2.36
2.36
2.35
2.35
2.34
2.34
2.33
2.33
2.32
2.28
2.26
2.26
2.25
2.24
2.23
2.22
2.21
2.19
2.18
2.17
2.15
2.14
2.12
2.10
2.10
2.09
2.08
2.08
2.10
2.12
2.13
2.14
2.16
2.16
2.17
2.17
2.17
2.18
2.19
2.20
2.20
2.18
2.18
2.17
2.18
2.09
2.10
2.11
2.12
2.12
2.13
2.14
2.14
2.14
2.08
2.00
1.91
1.81
1.81
1.80
1.80
1.80
1.80
1.79
1.77
1.88
1.89
1.90
1.91
1.91
1.94
1.97
2.00
2.01
2.02
2.02
2.02
2.01
2.00
1.99
1.97
1.97
1.96
1.96
1.95
1.94
1.94
1.93
1.92
1.93
1.91
1.90
1.91
1.89
1.88
1.88
1.85
1.71
1.68
1.62
1.50
1.44
1.40
1.28
1.29
1.29
1.29
1.30
1.29
1.31
1.31
1.31
1.32
1.33
1.34
1.34
1.36
1.36
1.36
1.38
1.38
1.38
1.38
1.40
1.40
1.40
1.42
1.48
1.50
1.40
1.27
1.16
1.07
0.99
0.92
0.85
0.80
0.74
0.69
0.65
0.61
0.56
0.53
0.49
0.45
0.41
0.39
0.37
0.36
0.35
0.35
0.34
0.33
0.31
0.32
0.30
0.32
0.29
0.32
0.28
0.31
0.26
0.30
0.24
0.28
0.22
0.26
0.20
0.24
0.17
0.21
0.14
0.18
0.11
0.15
0.17
0.21
0.21
0.18
0.20
0.20
0.17
0.19
0.18
0.18
0.16
0.18
0.17
0.13
0.08
-0.01
-0.06
-0.15
-0.11
-0.18
-0.11
-0.18
-0.11
-0.18
-0.12
-0.19
-0.14
-0.20
-0.15
-0.21
-0.16
-0.20
-0.15
-0.19
-0.15
-0.19
-0.15
-0.19
-0.15
-0.19
-0.14
-0.18
-0.14
-0.18
-0.14
-0.18
-0.13
-0.17
-0.13
-0.17
-0.13
-0.17
-0.14
-0.17
-0.12
-0.16
-0.13
-0.17
-0.13
-0.16
-0.12
-0.16
-0.12
-0.15
-0.11
-0.15
-0.11
-0.14
-0.11
-0.14
-0.11
-0.13
-0.10
-0.13
-0.10
-0.12
-0.09
-0.12
-0.09
-0.11
-0.09
-0.11
-0.08
-0.10
-0.08
-0.09
-0.07
-0.09
-0.07
-0.08
-0.08
0.02
0.06
0.14
0.15
0.23
0.22
0.28
0.25
0.30
0.26
0.31
0.26
0.31
0.26
0.31
0.28
0.32
0.29
0.33
0.28
0.30
0.37
0.31
0.38
0.32
0.39
0.33
0.39
0.33
0.40
0.35
0.41
0.36
0.41
0.37
0.42
0.38
0.43
0.39
0.44
0.40
0.45
0.41
0.46
0.42
0.46
0.43
0.46
0.44
0.46
0.45
0.47
0.47
0.47
0.48
0.48
0.49
0.49
0.50
0.50
0.51
0.51
0.52
0.53
0.54
0.55
0.56
0.57
0.58
0.57
0.57
0.54
0.55
0.51
0.52
0.51
0.53
0.48
0.49
0.52
0.50
0.45
0.47
0.49
0.51
0.58
0.64
0.57
0.50
0.57
0.64
0.71
0.79
0.86
0.93
1.00
1.07
1.15
1.22
1.29
1.36
1.44
1.51
1.58
1.65
1.71
1.78
1.84
1.90
1.96
2.02
2.07
2.12
2.17
2.21
2.25
2.29
2.32
2.34
2.30
1.99
1.74
1.54
1.38
1.26
1.17
1.09
1.04
1.00
0.97
0.96
0.96
0.96
0.98
1.00
1.02
1.07
1.13
1.19
1.25
1.32
1.40
1.47
1.55
1.64
1.72
1.81
1.91
2.00
2.04
1.68
1.36
1.09
0.86
0.68
0.54
0.42
0.34
0.28
0.25
0.22
0.18
0.15
0.11
0.04
-0.02
-0.08
-0.13
-0.18
-0.23
-0.23
-0.22
-0.21
-0.19
-0.18
-0.16
-0.14
-0.12
-0.10
-0.09
-0.07
-0.06
-0.05
-0.03
-0.02
-0.01
-0.00
0.01
0.02
0.03
0.04
0.05
0.05
0.06
0.07
0.07
0.08
0.09
0.09
0.10
0.10
0.11
0.11
0.12
0.12
0.14
0.18
0.23
0.18
0.23
0.28
0.24
0.23
0.21
0.15
0.13
0.12
0.07
0.07
0.03
0.02
0.02
-0.01
-0.01
-0.01
-0.04
-0.04
-0.07
-0.06
-0.05
-0.08
-0.07
-0.06
-0.09
-0.05
-0.08
-0.08
-0.08
-0.08
-0.08
-0.08
-0.08
-0.08
-0.08
-0.08
-0.08
-0.08
-0.08
-0.08
-0.07
-0.04
-0.04
-0.04
-0.04
-0.00
-0.01
-0.01
-0.02
0.02
0.04
0.03
0.02
0.03
0.09
0.08
0.07
0.06
0.05
0.10
0.15
0.12
0.11
0.09
0.12
0.18
0.17
0.15
0.13
0.13
0.20
0.18
0.16
0.15
0.21
0.21
0.18
0.21
0.22
0.19
0.18
0.19
0.21
0.23
0.21
0.23
0.23
0.21
0.22
0.24
0.25
0.27
0.24
0.25
0.26
0.28
0.26
0.25
0.26
0.27
0.28
0.30
0.26
0.31
0.31
0.26
0.29
0.30
0.29
0.34
0.28
0.30
0.37
0.33
0.28
0.35
0.40
0.33
0.33
0.40
0.37
0.37
0.37
0.43
0.40
0.35
0.43
0.47
0.43
0.38
0.46
0.53
0.50
0.39
0.16
0.10
-0.10
-0.28
-0.30
-0.45
-0.47
-0.61
-0.58
-0.69
-0.80
-0.76
-0.86
-0.80
-0.89
-0.83
-0.91
-0.85
-0.93
-0.86
-0.94
-0.87
-0.94
-0.88
-0.94
-0.88
-0.94
-0.88
-0.94
-0.88
-0.93
-0.87
-0.92
-0.86
-0.92
-0.85
-0.91
-0.85
-0.90
-0.84
-0.89
-0.83
-0.88
-0.82
-0.87
-0.81
-0.75
-0.69
-0.64
-0.58
-0.52
-0.46
-0.40
-0.35
-0.29
-0.23
-0.17
-0.12
-0.12
-0.11
-0.12
-0.11
-0.10
-0.10
-0.09
-0.08
-0.08
-0.07
-0.06
-0.05
-0.05
-0.06
-0.05
-0.04
-0.05
-0.04
-0.05
-0.04
-0.05
-0.05
-0.04
-0.03
-0.03
-0.03
-0.04
-0.03
-0.04
-0.05
-0.05
-0.04
-0.04
-0.03
-0.04
-0.02
-0.03
-0.02
-0.01
-0.02
-0.02
-0.01
-0.02
-0.00
-0.01
0.01
-0.01
0.01
0.01
0.07
0.13
0.18
0.22
0.17
0.15
0.12
0.10
0.08
0.07
0.05
0.05
0.03
0.03
0.03
0.03
0.02
0.02
0.01
0.01
0.01
0.01
0.01
0.01
0.01
-0.00
0.00
-0.00
0.00
0.01
0.01
-0.00
0.00
-0.01
0.00
-0.01
-0.03
-0.02
-0.01
-0.03
-0.01
-0.00
-0.01
0.00
0.01
0.01
0.01
0.01
0.01
0.01
0.01
0.01
-0.01
-0.00
0.00
-0.00
0.00
-0.01
-0.01
-0.02
-0.02
-0.02
-0.03
-0.02
-0.02
-0.03
-0.02
-0.03
-0.04
-0.03
-0.04
-0.03
-0.02
-0.01
-0.01
-0.03
-0.02
-0.01
-0.02
-0.01
-0.01
0.00
0.01
0.01
-0.01
-0.03
-0.02
-0.02
-0.01
-0.01
-0.01
-0.00
-0.00
-0.00
-0.00
0.00
0.00
0.00
0.00
0.00
0.00
0.00
0.00
0.00
0.00
0.00
0.00
0.00
0.00
0.00
0.00
0.00
0.00
0.00
0.00
0.00
0.00
0.00
0.00
0.00
0.00
0.00
0.00
0.00
0.00
0.00
0.00
0.00
0.00
0.00
0.00
0.00
0.00
0.00
0.00
0.00
0.00
0.00
0.00
0.00
0.00
0.00
0.00
0.00
0.00
0.00
0.00
0.00
0.00
0.00
0.00
0.00
0.00
0.00
0.00
0.00
0.00
0.00
0.00
0.00
0.00
0.00
0.00
0.00
0.00
0.00
0.00
0.00
0.00
0.00
0.00
0.00
0.00
0.00
0.00
0.00
0.00
0.00
0.00
0.00
0.00
0.00
0.00
0.00
0.00
0.00
0.00
0.00
0.00
0.00
0.00
0.00
0.00
0.00
0.00
0.00
0.00
0.00
0.00
0.00
0.00
0.00
0.00
0.00
0.00
0.00
0.00
0.00
0.00
0.00
0.00
0.00
0.00
0.00
0.00
0.00
0.00
0.00
0.00
0.00
0.00
0.00
0.00
0.00
0.00
0.00
0.00
0.00
0.00
0.00
0.00
0.00
0.00
0.00
0.00
0.00
0.00
0.00
0.00
0.00
0.00
0.00
0.00
0.00
0.00
0.00
0.00
0.00
0.00
0.00
0.00
0.00
0.00
0.00
0.00
0.00
0.00
0.00
0.00
0.00
0.00
0.00
0.00
0.00
0.00
0.00
0.00
0.00
0.00
0.00
0.00
0.00
0.00
0.00
0.00
0.00
0.00
0.00
0.00
0.00
0.00
0.00
0.00
0.00
0.00
0.00
0.00
0.00
0.00
0.00
0.00
0.00
0.00
0.00
0.00
0.00
0.00
0.00
0.00
0.00
0.00
0.00
0.00
0.00
0.00
0.00
0.00
0.00
0.00
0.00
0.00
0.00
0.00
0.00
0.00
0.00
0.00
0.00
0.00
0.00
0.00
0.00
0.00
0.00
0.00
0.00
0.00
0.00
0.00
0.00
0.00
0.00
0.00
0.00
0.00
0.00
0.00
0.00
0.00
0.00
0.00
0.00
0.00
0.00
0.00
0.00
0.00
0.00
0.00
0.00
0.00
0.00
0.00
0.00
0.00
0.00
0.00
0.00
0.00
0.00
0.00
0.00
0.00
0.00
0.00
0.00
0.00
0.00
0.00
0.00
0.00
0.00
0.00
0.00
0.00
0.00
0.00
0.00
0.00
0.00
0.00
0.00
0.00
0.00
0.00
0.00
0.00
0.00
0.00
0.00
0.00
0.00
0.00
0.00
0.00
0.00
0.00
0.00
0.00
0.00
0.00
0.00
0.00
0.00
0.00
0.00
0.00
0.00
0.00
0.00
0.00
0.00
0.00
0.00
0.00
0.00
0.00
0.00
0.00
0.00
0.00
0.00
0.00
0.00
0.00
0.00
0.00
0.00
0.00
0.00
0.00
0.00
0.00
0.00
0.00
0.00
0.00
0.00
0.00
0.00
0.00
0.00
0.00
0.00
0.00
0.00
0.00
0.00
0.00
0.00
0.00
0.00
0.00
0.00
0.00
0.00
0.00
0.00
0.00
0.00
0.00
0.00
0.00
0.00
0.00
0.00
0.00
0.00
0.00
0.00
0.00
0.00
0.00
0.00
0.00
0.00
0.00
0.00
0.00
0.00
0.00
0.00
0.00
0.00
0.00
0.00
0.00
0.00
0.00
0.00
0.00
0.00
0.00
0.00
0.00
0.00
0.00
0.00
0.00
0.00
0.00
0.00
0.00
0.00
0.00
0.00
0.00
0.00
0.00
0.00
0.00
0.00
0.00
0.00
0.00
0.00
0.00
0.00
0.00
0.00
0.00
0.00
0.00
0.00
0.00
0.00
0.00
0.00
0.00
0.00
0.00
0.00
0.00
0.00
0.00
0.00
0.00
0.00
0.00
0.00
0.00
0.00
0.00
0.00
0.00
0.00
0.00
0.00
0.00
0.00
0.00
0.00
0.00
0.00
0.00
0.00
0.00
0.00
0.00
0.00
0.00
0.00
0.00
0.00
0.00
0.00
0.00
0.00
0.00
0.00
0.00
0.00
0.00
0.00
0.00
0.00
0.00
0.00
0.00
0.00
0.00
0.00
0.00
0.00
0.00
0.00
0.00
0.00
0.00
0.00
0.00
0.00
0.00
0.00
0.00
0.00
0.00
0.00
0.00
0.00
0.00
0.00
0.00
0.00
0.00
0.00
0.00
0.00
0.00
0.00
0.00
0.00
0.00
0.00
0.00
0.00
0.00
0.00
0.00
0.00
0.00
0.00
0.00
0.00
0.00
0.00
0.00
0.00
0.00
0.00
0.00
0.00
0.00
0.00
0.00
0.00
0.00
0.00
0.00
0.00
0.00
0.00
0.00
0.00
0.00
0.00
0.00
0.00
0.00
0.00
0.00
0.00
0.00
0.00
0.00
0.00
0.00
0.00
0.00
0.00
0.00
0.00
0.00
0.00
0.00
0.00
0.00
0.00
0.00
0.00
0.00
0.00
0.00
0.00
0.00
0.00
0.00
0.00
0.00
0.00
0.00
0.00
0.00
0.00
0.00
0.00
0.00
0.00
0.00
0.00
0.00
0.00
0.00
0.00
0.00
0.00
0.00
0.00
0.00
0.00
0.00
0.00
0.00
0.00
0.00
0.00
0.00
0.00
0.00
0.00
0.00
0.00
0.00
0.00
0.00
0.00
0.00
0.00
0.00
0.00
0.00
0.00
0.00
0.00
0.00
0.00
0.00
0.00
0.00
0.00
0.00
0.00
0.00
0.00
0.00
0.00
0.00
0.00
0.00
0.00
0.00
0.00
0.00
0.00
0.00
0.00
0.00
0.00
0.00
0.00
0.00
0.00
0.00
0.00
0.00
0.00
0.00
0.00
0.00
0.00
0.00
0.00
0.00
0.00
0.00
0.00
0.00
0.00
0.00
0.00
0.00
0.00
0.00
0.00
0.00
0.00
0.00
0.00
0.00
0.00
0.00
0.00
0.00
0.00
0.00
0.00
0.00
0.00
0.00
0.00
0.00
0.00
0.00
0.00
0.00
0.00
0.00
0.00
0.00
0.00
0.00
0.00
0.00
0.00
0.00
0.00
0.00
0.00
0.00
0.00
0.00
0.00
0.00
0.00
0.00
0.00
0.00
0.00
0.00
0.00
0.00
0.00
0.00
0.00
0.00
0.00
0.00
0.00
0.00
0.00
0.00
0.00
0.00
0.00
0.00
0.00
0.00
0.00
0.00
0.00
0.00
0.00
0.00
0.00
0.00
0.00
0.00
0.00
0.00
0.00
0.00
0.00
0.00
0.00
0.00
0.00
0.00
0.00
0.00
0.00
0.00
0.00
0.00
0.00
0.00
0.00
0.00
0.00
0.00
0.00
0.00
0.00
0.00
0.00
0.00
0.00
0.00
0.00
0.00
0.00
0.00
0.00
0.00
0.00
0.00
0.00
0.00
0.00
0.00
0.00
0.00
0.00
0.00
0.00
0.00
0.00
0.00
0.00
0.00
0.00
0.00
0.00
0.00
0.00
0.00
0.00
0.00
0.00
0.00
0.00
0.00
0.00
0.00
0.00
0.00
0.00
0.00
0.00
0.00
0.00
0.00
0.00
0.00
0.00
0.00
0.00
0.00
0.00
0.00
0.00
0.00
0.00
0.00
0.00
0.00
0.00
0.00
0.00
0.00
0.00
0.00
0.00
0.00
0.00
0.00
0.00
0.00
0.00
0.00
0.00
0.00
0.00
0.00
0.00
0.00
0.00
0.00
0.00
0.00
0.00
0.00
0.00
0.00
0.00
0.00
0.00
0.00
0.00
0.00
0.00
0.00
0.00
0.00
0.00
0.00
0.00
0.00
0.00
0.00
0.00
0.00
0.00
0.00
0.00
0.00
0.00
0.00
0.00
0.00
0.00
0.00
0.00
0.00
0.00
0.00
0.00
0.00
0.00
0.00
0.00
0.00
0.00
0.00
0.00
0.00
0.00
0.00
0.00
0.00
0.00
0.00
0.00
0.00
0.00
0.00
0.00
0.00
0.00
0.00
0.00
0.00
0.00
0.00
0.00
0.00
0.00
0.00
0.00
0.00
0.00
0.00
0.00
0.00
0.00
0.00
0.00
0.00
0.00
0.00
0.00
0.00
0.00
0.00
0.00
0.00
0.00
0.00
0.00
0.00
0.00
0.00
0.00
0.00
0.00
0.00
0.00
0.00
0.00
0.00
0.00
0.00
0.00
0.00
0.00
0.00
0.00
0.00
0.00
0.00
0.00
0.00
0.00
0.00
0.00
0.00
0.00
0.00
0.00
0.00
0.00
0.00
0.00
0.00
0.00
0.00
0.00
0.00
0.00
0.00
0.00
0.00
0.00
0.00
0.00
0.00
0.00
0.00
0.00
0.00
0.00
0.00
0.00
0.00
0.00
0.00
0.00
0.00
0.00
0.00
0.00
0.00
0.00
0.00
0.00
0.00
0.00
0.00
0.00
0.00
0.00
0.00
0.00
0.00
0.00
0.00
0.00
0.00
0.00
0.00
0.00
0.00
0.00
0.00
0.00
0.00
0.00
0.00
0.00
0.00
0.00
0.00
0.00
0.00
0.00
0.00
0.00
0.00
0.00
0.00
0.00
0.00
0.00
0.00
0.00
0.00
0.00
0.00
0.00
0.00
0.00
0.00
0.00
0.00
0.00
0.00
0.00
0.00
0.00
0.00
0.00
0.00
0.00
0.00
0.00
0.00
0.00
0.00
0.00
0.00
0.00
0.00
0.00
0.00
0.00
0.00
0.00
0.00
0.00
0.00
0.00
0.00
0.00
0.00
0.00
0.00
0.00
0.00
0.00
0.00
0.00
0.00
0.00
0.00
0.00
0.00
0.00
0.00
0.00
0.00
0.00
0.00
0.00
0.00
0.00
0.00
0.00
0.00
0.00
0.00
0.00
0.00
0.00
0.00
0.00
0.00
0.00
0.00
0.00
0.00
0.00
0.00
0.00
0.00
0.00
0.00
0.00
0.00
0.00
0.00
0.00
0.00
0.00
0.00
0.00
0.00
0.00
0.00
0.00
0.00
0.00
0.00
0.00
0.00
0.00
0.00
0.00
0.00
0.00
0.00
0.00
0.00
0.00
0.00
0.00
0.00
0.00
0.00
0.00
0.00
0.00
0.00
0.00
0.00
0.00
0.00
0.00
0.00
0.00
0.00
0.00
0.00
0.00
0.00
0.00
0.00
0.00
0.00
0.00
0.00
0.00
0.00
0.00
0.00
0.00
0.00
0.00
0.00
0.00
0.00
0.00
0.00
0.00
0.00
0.00
0.00
0.00
0.00
0.00
0.00
0.00
0.00
0.00
0.00
0.00
0.00
0.00
0.00
0.00
0.00
0.00
0.00
0.00
0.00
0.00
0.00
0.00
0.00
0.00
0.00
0.00
0.00
0.00
0.00
0.00
0.00
0.00
0.00
0.00
0.00
0.00
0.00
0.00
0.00
0.00
0.00
0.00
0.00
0.00
0.00
0.00
0.00
0.00
0.00
0.00
0.00
0.00
0.00
0.00
0.00
0.00
0.00
0.00
0.00
0.00
0.00
0.00
0.00
0.00
0.00
0.00
0.00
0.00
0.00
0.00
0.00
0.00
0.00
0.00
0.00
0.00
0.00
0.00
0.00
0.00
0.00
0.00
0.00
0.00
0.00
0.00
0.00
0.00
0.00
0.00
0.00
0.00
0.00
0.00
0.00
0.00
0.00
0.00
0.00
0.00
0.00
0.00
0.00
0.00
0.00
0.00
0.00
0.00
0.00
0.00
0.00
0.00
0.00
0.00
0.00
0.00
0.00
0.00
0.00
0.00
0.00
0.00
0.00
0.00
0.00
0.00
0.00
0.00
0.00
0.00
0.00
0.00
0.00
0.00
0.00
0.00
0.00
0.00
0.00
0.00
0.00
0.00
0.00
0.00
0.00
0.00
0.00
0.00
0.00
0.00
0.00
0.00
0.00
0.00
0.00
0.00
0.00
0.00
0.00
0.00
0.00
0.00
0.00
0.00
0.00
0.00
0.00
-0.00
0.00
-0.00
0.00
-0.00
-0.00
-0.00
-0.00
-0.00
-0.00
-0.00
-0.00
-0.00
-0.00
-0.00
-0.00
-0.00
0.00
-0.00
0.00
-0.00
-0.00
-0.00
0.00
-0.00
0.00
-0.00
0.00
-0.00
0.00
-0.00
0.00
-0.00
0.00
-0.00
0.00
-0.00
0.00
-0.00
0.00
-0.00
0.00
-0.00
0.00
-0.00
0.00
-0.00
0.00
-0.00
0.00
-0.00
0.00
-0.00
0.00
-0.00
0.00
-0.00
0.00
-0.00
0.00
-0.00
0.00
-0.00
0.00
-0.00
0.00
-0.00
0.00
-0.00
0.00
-0.00
0.00
-0.00
0.00
-0.00
0.00
-0.00
0.00
-0.00
0.00
-0.00
0.00
-0.00
0.00
-0.00
0.00
-0.00
0.00
-0.00
0.00
-0.00
0.00
-0.00
0.00
-0.00
0.00
-0.00
0.00
-0.00
0.00
-0.00
0.00
-0.00
0.00
-0.00
0.00
-0.00
0.00
-0.00
0.00
-0.00
0.00
-0.00
0.00
-0.00
0.00
-0.00
0.00
-0.00
0.00
-0.00
0.00
-0.00
0.00
-0.00
0.00
-0.00
0.00
-0.00
0.00
-0.00
0.00
-0.00
0.00
-0.00
0.00
-0.00
0.00
-0.00
0.00
-0.00
0.00
-0.00
0.00
-0.00
0.00
-0.00
0.00
-0.00
0.00
-0.00
0.00
-0.00
0.00
-0.00
0.00
-0.00
0.00
-0.00
0.00
-0.00
0.00
-0.00
0.00
-0.00
0.00
-0.00
0.00
-0.00
0.00
-0.00
0.00
-0.00
0.00
-0.00
0.00
-0.00
0.00
-0.00
0.00
-0.00
0.00
-0.00
0.00
-0.00
0.00
-0.00
0.00
-0.00
0.00
-0.00
0.00
-0.00
0.00
-0.00
0.00
-0.00
0.00
-0.00
0.00
-0.00
0.00
-0.00
0.00
-0.00
0.00
-0.00
0.00
-0.00
0.00
-0.00
0.00
-0.00
0.00
-0.00
0.00
-0.00
0.00
-0.00
0.00
-0.00
0.00
-0.00
0.00
-0.00
0.00
-0.00
0.00
-0.00
0.00
-0.00
0.00
-0.00
0.00
-0.00
0.00
-0.00
0.00
-0.00
0.00
-0.00
0.00
-0.00
0.00
-0.00
0.00
-0.00
0.00
-0.00
0.00
-0.00
0.00
-0.00
0.00
-0.00
0.00
-0.00
0.00
-0.00
0.00
-0.00
0.00
-0.00
0.00
-0.00
0.00
-0.00
0.00
-0.00
0.00
-0.00
0.00
-0.00
0.00
-0.00
0.00
-0.00
0.00
-0.00
0.00
-0.00
0.00
-0.00
0.00
-0.00
0.00
-0.00
0.00
-0.00
0.00
-0.00
0.00
-0.00
0.00
-0.00
0.00
-0.00
0.00
-0.00
0.00
-0.00
0.00
-0.00
0.00
-0.00
0.00
-0.00
0.00
-0.00
0.00
-0.00
0.00
-0.00
0.00
-0.00
0.00
-0.00
0.00
-0.00
0.00
-0.00
0.00
-0.00
0.00
-0.00
0.00
-0.00
0.00
-0.00
0.00
-0.00
0.00
-0.00
0.00
-0.00
0.00
-0.00
0.00
-0.00
0.00
-0.00
0.00
-0.00
0.00
-0.00
0.00
-0.00
0.00
-0.00
0.00
-0.00
0.00
-0.00
0.00
-0.00
0.00
-0.00
0.00
-0.00
0.00
-0.00
0.00
-0.00
0.00
-0.00
0.00
-0.00
0.00
-0.00
0.00
-0.00
0.00
-0.00
0.00
-0.00
0.00
-0.00
0.00
-0.00
0.00
-0.00
0.00
-0.00
0.00
-0.00
0.00
-0.00
0.00
-0.00
0.00
-0.00
0.00
-0.00
0.00
-0.00
0.00
-0.00
0.00
-0.00
0.00
-0.00
0.00
-0.00
0.00
-0.00
0.00
-0.00
0.00
-0.00
0.00
-0.00
0.00
-0.00
0.00
-0.00
0.00
-0.00
0.00
-0.00
0.00
-0.00
0.00
-0.00
0.00
-0.00
0.00
-0.00
0.00
-0.00
0.00
-0.00
0.00
-0.00
0.00
-0.00
0.00
-0.00
0.00
-0.00
0.00
-0.00
0.00
-0.00
0.00
-0.00
0.00
-0.00
0.00
-0.00
0.00
-0.00
0.00
-0.00
0.00
-0.00
0.00
-0.00
0.00
-0.00
0.00
-0.00
0.00
-0.00
0.00
-0.00
0.00
-0.00
0.00
-0.00
0.00
-0.00
0.00
-0.00
0.00
-0.00
0.00
-0.00
0.00
-0.00
0.00
-0.00
0.00
-0.00
0.00
-0.00
0.00
