2.80
2.80
2.80
2.80
2.80
2.79
2.79
2.79
2.78
2.78
2.78
2.77
2.77
2.77
2.77
2.76
2.76
2.76
2.76
2.76
2.75
2.75
2.75
2.75
2.75
2.75
2.75
2.75
2.75
2.75
2.75
2.75
2.75
2.75
2.75
2.75
2.75
2.75
2.75
2.75
2.75
2.75
2.75
2.75
2.75
2.75
2.75
2.75
2.75
2.75
2.75
2.75
2.75
2.75
2.75
2.75
2.75
2.75
2.75
2.75
2.75
2.75
2.75
2.75
2.75
2.75
2.75
2.75
2.75
2.75
2.75
2.75
2.75
2.75
2.75
2.75
2.75
2.75
2.75
2.75
2.75
2.75
2.75
2.75
2.75
2.75
2.75
2.75
2.75
2.75
2.75
2.75
2.75
2.75
2.75
2.75
2.75
2.75
2.75
2.75
2.75
2.75
2.75
2.75
2.75
2.75
2.75
2.75
2.75
2.75
2.75
2.75
2.75
2.75
2.75
2.75
2.75
2.75
2.75
2.75
2.75
2.75
2.75
2.75
2.75
2.75
2.75
2.75
2.75
2.75
2.75
2.75
2.75
2.75
2.75
2.75
2.75
2.75
2.75
2.75
2.75
2.75
2.75
2.75
2.75
2.75
2.75
2.75
2.75
2.75
2.75
2.75
2.75
2.75
2.75
2.75
2.75
2.75
2.75
2.75
2.76
2.76
2.76
2.76
2.76
2.76
2.76
2.76
2.76
2.76
2.76
2.76
2.76
2.76
2.76
2.76
2.76
2.76
2.76
2.76
2.76
2.76
2.76
2.77
2.77
2.77
2.77
2.77
2.77
2.77
2.77
2.77
2.77
2.77
2.77
2.77
2.77
2.77
2.77
2.77
2.77
2.77
2.78
2.78
2.78
2.78
2.78
2.78
2.78
2.78
2.78
2.78
2.78
2.78
2.78
2.78
2.78
2.78
2.78
2.78
2.79
2.79
2.79
2.79
2.79
2.79
2.79
2.79
2.79
2.79
2.79
2.79
2.79
2.79
2.79
2.79
2.79
2.79
2.79
2.79
2.80
2.80
2.80
2.80
2.80
2.80
2.80
2.80
2.80
2.80
2.80
2.80
2.80
2.80
2.80
2.80
2.80
2.80
2.80
2.80
2.80
2.80
2.81
2.81
2.81
2.81
2.81
2.81
2.81
2.81
2.81
2.81
2.81
2.81
2.81
2.81
2.81
2.81
2.81
2.81
2.81
2.81
2.81
2.81
2.81
2.81
2.81
2.81
2.82
2.82
2.82
2.82
2.82
2.82
2.82
2.82
2.82
2.82
2.82
2.82
2.82
2.82
2.82
2.82
2.82
2.82
2.82
2.82
2.82
2.82
2.82
2.82
2.82
2.82
2.82
2.82
2.82
2.82
2.82
2.83
2.83
2.83
2.83
2.83
2.83
2.83
2.83
2.83
2.83
2.83
2.83
2.83
2.83
2.83
2.83
2.83
2.83
2.83
2.83
2.83
2.83
2.83
2.83
2.83
2.83
2.83
2.83
2.83
2.83
2.83
2.84
2.84
2.84
2.84
2.84
2.84
2.84
2.84
2.84
2.84
2.84
2.84
2.84
2.84
2.84
2.84
2.84
2.84
2.84
2.84
2.84
2.84
2.84
2.84
2.84
2.84
2.85
2.85
2.85
2.85
2.85
2.85
2.85
2.85
2.85
2.85
2.85
2.85
2.85
2.85
2.85
2.85
2.85
2.85
2.86
2.86
2.86
2.86
2.86
2.86
2.86
2.86
2.86
2.86
2.86
2.86
2.87
2.87
2.87
2.87
2.87
2.87
2.87
2.87
2.87
2.88
2.88
2.88
2.88
2.88
2.88
2.89
2.89
2.89
2.89
2.89
2.90
2.90
2.90
2.90
2.91
2.91
2.91
2.91
2.92
2.92
2.92
2.93
2.93
2.94
2.94
2.95
2.95
2.96
2.97
2.98
2.99
3.00
3.01
3.02
3.04
3.05
3.07
3.09
3.11
3.13
3.16
3.18
3.21
3.25
3.28
3.32
2.16
2.21
2.26
2.30
2.35
2.40
2.45
2.49
2.54
2.59
2.63
2.68
2.73
2.77
2.82
2.86
2.91
2.95
2.99
3.03
3.07
3.10
3.14
3.16
3.18
3.20
3.22
3.23
3.24
3.25
3.25
3.25
3.26
3.26
3.26
3.26
3.26
3.26
3.26
3.26
3.26
3.25
3.25
3.25
3.25
3.25
3.25
3.25
3.25
3.24
3.24
3.24
3.24
3.23
3.23
3.23
3.22
3.22
3.22
3.21
3.21
3.20
3.20
3.20
3.19
3.19
3.18
3.18
3.18
3.17
3.17
3.16
3.16
3.15
3.15
3.15
3.14
3.14
3.13
3.13
3.12
3.12
3.12
3.11
3.11
3.11
3.10
3.10
3.10
3.09
3.09
3.08
3.08
3.08
3.07
3.06
3.06
3.05
3.04
3.03
3.02
3.01
3.00
2.99
2.97
2.96
2.94
2.93
2.91
2.89
2.87
2.85
2.83
2.81
2.79
2.76
2.74
2.71
2.68
2.65
3.34
3.24
3.16
3.10
3.05
3.01
2.98
2.96
2.94
2.92
2.91
2.90
2.89
2.88
2.87
2.87
2.86
2.86
2.85
2.85
2.85
2.84
2.84
2.84
2.83
2.83
2.83
2.82
2.82
2.81
2.81
2.80
2.79
2.78
2.78
2.77
2.76
2.76
2.75
2.75
2.75
2.75
2.75
2.75
2.75
2.75
2.75
2.75
2.75
2.75
2.75
2.75
2.75
2.75
2.75
2.75
2.75
2.75
2.75
2.75
2.75
2.75
2.75
2.75
2.75
2.75
2.76
2.76
2.76
2.76
2.76
2.76
2.76
2.76
2.76
2.76
2.76
2.76
2.76
2.76
2.76
2.76
2.76
2.77
2.77
2.77
2.77
2.77
2.77
2.77
2.77
2.77
2.77
2.77
2.77
2.77
2.77
2.77
2.77
2.77
2.78
2.78
2.78
2.78
2.78
2.78
2.78
2.78
2.78
2.78
2.78
2.78
2.78
2.79
2.79
2.79
2.79
2.79
2.79
2.79
2.79
2.79
2.79
2.80
2.80
2.80
2.80
2.80
2.80
2.80
2.80
2.80
2.80
2.80
2.80
2.81
2.81
2.81
2.81
2.81
2.81
2.81
2.81
2.81
2.81
2.81
2.81
2.82
2.82
2.82
2.82
2.82
2.82
2.82
2.82
2.82
2.82
2.82
2.83
2.83
2.83
2.83
2.83
2.83
2.83
2.83
2.83
2.83
2.83
2.83
2.83
2.83
2.83
2.84
2.84
2.84
2.84
2.84
2.84
2.84
2.84
2.84
2.84
2.84
2.84
2.84
2.84
2.84
2.84
2.84
2.84
2.84
2.84
2.85
2.85
2.85
2.85
2.85
2.85
2.85
2.85
2.85
2.85
2.85
2.85
2.85
2.85
2.85
2.85
2.85
2.85
2.85
2.85
2.85
2.85
2.86
2.86
2.86
2.86
2.86
2.86
2.86
2.86
2.86
2.86
2.86
2.86
2.86
2.86
2.86
2.86
2.86
2.86
2.86
2.86
2.86
2.86
2.86
2.86
2.86
2.86
2.86
2.86
2.86
2.86
2.87
2.87
2.87
2.87
2.87
2.87
2.87
2.87
2.87
2.87
2.87
2.87
2.87
2.87
2.87
2.87
2.88
2.88
2.88
2.88
2.88
2.89
2.89
2.89
2.89
2.90
2.90
2.91
2.91
2.92
2.93
2.93
2.94
2.95
2.96
2.98
2.99
3.00
3.02
3.04
3.06
3.08
3.11
3.14
3.17
3.20
3.24
3.28
3.32
1.45
1.47
1.49
1.51
1.53
1.54
1.56
1.57
1.58
1.58
1.59
1.59
1.60
1.60
1.61
1.61
1.61
1.62
1.62
1.62
1.62
1.62
1.62
1.62
1.62
1.61
1.61
1.61
1.61
1.61
