2.49
2.49
2.48
2.48
2.48
2.47
2.47
2.46
2.46
2.45
2.45
2.44
2.44
2.43
2.43
2.42
2.42
2.41
2.41
2.41
2.41
2.40
2.40
2.40
2.40
2.40
2.40
2.40
2.40
2.40
2.40
2.40
2.40
2.40
2.41
2.41
2.41
2.42
2.42
2.42
2.43
2.43
2.43
2.43
2.44
2.44
2.44
2.44
2.45
2.45
2.45
2.45
2.46
2.46
2.46
2.47
2.47
2.47
2.47
2.48
2.48
2.48
2.48
2.48
2.48
2.48
2.48
2.48
2.48
2.48
2.48
2.48
2.48
2.48
2.48
2.49
2.49
2.49
2.49
2.49
2.49
2.49
2.49
2.50
2.50
2.50
2.50
2.50
2.50
2.50
2.50
2.51
2.51
2.51
2.51
2.51
2.51
2.51
2.51
2.52
2.52
2.52
2.52
2.52
2.52
2.53
2.53
2.53
2.53
2.53
2.53
2.53
2.53
2.53
2.54
2.54
2.54
2.54
2.54
2.54
2.54
2.55
2.55
2.55
2.55
2.55
2.56
2.56
2.56
2.56
2.57
2.57
2.57
2.57
2.58
2.58
2.58
2.58
2.59
2.59
2.59
2.60
2.60
2.60
2.60
2.61
2.61
2.62
2.62
2.62
2.63
2.63
2.63
2.64
2.64
2.65
2.65
2.66
2.66
2.67
2.67
2.68
2.68
2.69
2.69
2.70
2.70
2.71
2.71
2.72
2.73
2.73
2.74
2.74
2.75
2.76
2.76
2.77
2.78
2.79
2.79
2.80
2.81
2.81
2.82
2.83
2.84
2.84
2.85
2.86
2.86
2.87
2.88
2.88
2.89
2.90
2.90
2.91
2.91
2.92
2.93
2.93
2.94
2.94
2.94
2.95
2.95
2.96
2.97
2.97
2.98
2.98
2.99
3.00
3.00
3.00
3.00
3.01
3.00
3.00
3.00
3.00
3.00
3.00
3.00
2.99
2.99
2.99
2.99
2.98
2.98
2.98
2.97
2.97
2.97
2.96
2.96
2.95
2.95
2.95
2.94
2.94
2.93
2.93
2.93
2.92
2.92
2.91
2.91
2.90
2.90
2.89
2.89
2.88
2.88
2.87
2.87
2.86
2.86
2.85
2.85
2.85
2.84
2.83
2.83
2.82
2.82
2.81
2.81
2.80
2.80
2.79
2.78
2.78
2.77
2.77
2.76
2.76
2.75
2.75
2.74
2.74
2.73
2.73
2.72
2.72
2.71
2.71
2.70
2.70
2.69
2.68
2.68
2.67
2.67
2.66
2.66
2.65
2.64
2.64
2.63
2.63
2.62
2.61
2.60
2.60
2.59
2.59
2.58
2.57
2.57
2.56
2.55
2.55
2.54
2.53
2.53
2.52
2.52
2.51
2.50
2.50
2.49
2.49
2.48
2.48
2.47
2.46
2.46
2.45
2.45
2.44
2.44
2.43
2.43
2.42
2.42
2.41
2.41
2.40
2.40
2.40
2.39
2.39
2.39
2.38
2.38
2.38
2.37
2.37
2.37
2.36
2.36
2.36
2.35
2.35
2.35
2.35
2.34
2.34
2.34
2.34
2.33
2.33
2.33
2.33
2.32
2.32
2.32
2.32
2.32
2.31
2.31
2.31
2.31
2.31
2.31
2.31
2.30
2.30
2.31
2.31
2.31
2.31
2.31
2.31
2.31
2.32
2.32
2.32
2.32
2.33
2.33
2.33
2.34
2.34
2.35
2.35
2.36
2.36
2.36
2.37
2.37
2.37
2.38
2.38
2.38
2.39
2.39
2.39
2.39
2.39
2.39
2.38
2.38
2.37
2.37
2.37
2.36
2.36
2.35
2.35
2.35
2.35
2.34
2.34
2.34
2.34
2.34
2.34
2.34
2.33
2.33
2.33
2.33
2.33
2.33
2.34
2.34
2.34
2.34
2.34
2.34
2.34
2.35
2.35
2.35
2.35
2.36
2.36
2.36
2.37
2.37
2.37
2.38
2.38
2.39
2.39
2.40
2.40
2.40
2.41
2.41
2.42
2.42
2.43
2.43
2.44
2.44
2.45
2.45
2.46
2.46
2.46
2.47
2.47
2.48
2.48
2.48
2.49
2.49
2.50
2.50
2.50
2.51
2.51
2.52
2.52
2.52
2.53
2.53
2.53
2.54
2.54
2.55
2.55
2.55
2.56
2.56
2.57
2.57
2.57
2.58
2.58
2.59
2.59
2.60
2.60
2.60
2.61
2.61
2.61
2.62
2.62
2.63
2.63
2.63
2.64
2.64
2.65
2.65
2.66
2.66
2.67
2.68
2.68
2.69
2.70
2.70
2.71
2.71
2.72
2.73
2.73
2.74
2.75
2.76
2.76
2.77
2.78
2.79
2.80
2.81
2.82
2.83
2.84
2.85
2.86
2.87
2.88
2.89
2.90
2.91
2.92
2.93
2.94
2.94
2.95
2.96
2.96
2.97
2.98
2.98
2.98
2.99
2.99
2.99
2.99
3.00
3.00
3.00
3.00
3.00
3.00
3.00
3.00
3.00
3.00
3.00
3.00
3.00
3.00
3.00
3.00
3.00
3.00
3.00
3.00
3.00
3.00
3.00
3.00
3.00
2.99
2.99
2.99
2.98
2.98
2.97
2.97
2.96
2.96
2.95
2.95
2.94
2.94
2.93
2.93
2.92
2.91
2.91
2.90
2.90
2.89
2.89
2.88
2.87
2.87
2.86
2.86
2.85
2.84
2.84
2.83
2.83
2.82
2.81
2.81
2.80
2.79
2.78
2.78
2.77
2.76
2.76
2.75
2.75
2.74
2.73
2.73
2.72
2.71
2.71
2.70
2.69
2.69
2.68
2.67
2.67
2.66
2.65
2.64
2.64
2.63
2.62
2.62
2.61
2.60
2.59
2.59
2.58
2.57
2.56
2.56
2.55
2.54
2.53
2.53
2.52
2.51
2.50
2.50
2.49
2.48
2.48
2.47
2.46
2.46
2.45
2.44
2.44
2.43
2.43
2.42
2.41
2.41
2.40
2.39
2.39
2.38
2.38
2.37
2.36
2.36
2.35
2.35
2.34
2.34
2.33
2.33
2.32
2.32
2.31
2.31
2.30
2.30
2.30
2.29
2.29
2.29
2.29
2.29
2.29
2.28
2.28
2.28
2.28
2.28
2.28
2.28
2.28
2.28
2.28
2.28
2.28
2.28
2.29
2.29
2.29
2.29
2.29
2.30
2.30
2.30
2.31
2.31
2.32
2.32
2.32
2.33
2.33
2.34
2.34
2.34
2.35
2.35
2.35
2.36
2.37
2.37
2.38
2.39
2.39
2.39
2.39
2.39
2.39
2.38
2.38
2.37
2.37
2.36
2.36
2.36
2.35
2.35
2.34
2.34
2.34
2.34
2.33
2.33
2.33
2.33
2.33
2.33
2.33
2.33
2.33
2.33
2.33
2.33
2.33
2.33
2.33
2.33
2.33
2.33
2.34
2.34
2.34
2.34
2.35
2.35
2.35
2.36
2.36
2.36
2.37
2.37
2.38
2.38
2.39
2.39
2.40
2.40
2.41
2.41
2.41
2.42
2.42
2.43
2.43
2.44
2.44
2.45
2.45
2.46
2.46
2.47
2.47
2.47
2.48
2.48
2.49
2.49
2.49
2.50
2.50
2.51
2.51
2.52
2.52
2.52
2.53
2.53
2.54
2.54
2.54
2.55
2.55
2.56
2.56
2.56
2.57
2.57
2.58
2.58
2.58
2.59
2.59
2.59
2.60
2.60
2.61
2.61
2.61
2.62
2.62
2.63
2.63
2.64
2.64
2.65
2.65
2.66
2.66
2.67
2.67
2.68
2.69
2.69
2.70
2.71
2.71
2.72
2.72
2.73
2.74
2.75
2.75
2.76
2.77
2.78
2.79
2.80
2.81
2.82
2.83
2.84
2.85
2.86
2.87
2.88
2.89
2.90
2.91
2.92
2.93
2.94
2.95
2.95
2.96
2.97
2.97
2.98
2.99
2.99
3.00
3.00
3.00
3.00
3.00
3.00
3.00
3.00
3.01
3.01
3.01
3.01
3.01
3.02
3.02
3.02
3.02
3.02
3.02
3.02
3.02
3.02
3.02
3.01
3.01
3.01
3.00
3.00
3.00
2.99
2.99
2.98
2.97
2.97
2.96
2.96
2.95
2.95
2.94
2.94
2.93
2.92
2.92
2.91
2.91
2.90
2.89
2.89
2.88
2.87
2.87
2.86
2.85
2.85
2.84
2.83
2.83
2.82
2.81
2.81
2.80
2.79
2.79
2.78
2.77
2.76
2.76
2.75
2.74
2.74
2.73
2.72
2.72
2.71
2.70
2.70
2.69
2.68
2.68
2.67
2.66
2.65
2.65
2.64
2.63
2.62
2.62
2.61
2.60
2.59
2.59
2.58
2.57
2.56
2.56
2.55
2.54
2.53
2.53
2.52
2.51
2.50
2.50
2.49
2.48
2.47
2.47
2.46
2.45
2.44
2.44
2.43
2.42
2.42
2.41
2.40
2.40
2.39
2.39
2.38
2.37
2.37
2.36
2.35
2.35
2.34
2.34
2.33
2.33
2.32
2.32
2.31
2.31
2.30
2.30
2.30
2.29
2.29
2.29
2.28
2.28
2.28
2.27
2.27
2.27
2.27
2.27
2.27
2.27
2.27
2.28
2.28
2.28
2.28
2.29
2.29
2.29
2.30
2.30
2.31
2.31
2.32
2.32
2.33
2.33
2.34
2.34
2.35
2.35
2.35
2.36
2.36
2.36
2.36
2.37
2.37
2.38
2.38
2.38
2.38
2.37
2.37
2.37
2.37
2.36
2.36
2.35
2.35
2.35
2.34
2.34
2.34
2.33
2.33
2.33
2.33
2.32
2.32
2.32
2.32
2.32
2.32
2.32
2.32
2.32
2.32
2.32
2.32
2.32
2.32
2.32
2.32
2.33
2.33
2.33
2.33
2.33
2.34
2.34
2.34
2.35
2.35
2.35
2.36
2.36
2.36
2.37
2.37
2.38
2.38
2.39
2.39
2.40
2.40
2.41
2.41
2.42
2.42
2.43
2.43
2.44
2.44
2.44
2.45
2.45
2.46
2.46
2.47
2.47
2.48
2.48
2.48
2.49
2.49
2.50
2.50
2.51
2.51
2.51
2.52
2.52
2.53
2.53
2.53
2.54
2.54
2.55
2.55
2.55
2.56
2.56
2.57
2.57
2.57
2.58
2.58
2.59
2.59
2.59
2.60
2.60
2.61
2.61
2.61
2.62
2.62
2.63
2.63
2.63
2.64
2.64
2.65
2.65
2.66
2.66
2.67
2.68
2.68
2.69
2.69
2.70
2.71
2.71
2.72
2.73
2.74
2.75
2.75
2.76
2.77
2.78
2.79
2.80
2.81
2.82
2.83
2.84
2.85
2.86
2.87
2.88
2.89
2.91
2.91
2.92
2.93
2.94
2.95
2.95
2.96
2.97
2.97
2.97
2.98
2.98
2.99
2.99
2.99
2.99
2.99
3.00
3.00
3.00
3.00
3.00
3.00
3.01
3.01
3.01
3.01
3.01
3.01
3.01
3.01
3.00
3.00
3.00
2.99
2.99
2.99
2.98
2.98
2.98
2.97
2.97
2.96
2.96
2.95
2.95
2.95
2.94
2.94
2.93
2.93
2.92
2.92
2.91
2.91
2.90
2.89
2.89
2.88
2.88
2.87
2.87
2.86
2.85
2.85
2.84
2.83
2.83
2.82
2.81
2.81
2.80
2.80
2.79
2.78
2.78
2.77
2.76
2.76
2.75
2.75
2.74
2.73
2.73
2.72
2.71
2.71
2.70
2.69
2.69
2.68
2.67
2.67
2.66
2.65
2.64
2.64
2.63
2.62
2.62
2.61
2.60
2.59
2.59
2.58
2.57
2.56
2.56
2.55
2.54
2.53
2.53
2.52
2.51
2.51
2.50
2.49
2.48
2.48
2.47
2.46
2.46
2.45
2.44
2.44
2.43
2.43
2.42
2.41
2.41
2.40
2.39
2.39
2.38
2.38
2.37
2.36
2.36
2.35
2.35
2.34
2.34
2.33
2.33
2.32
2.32
2.31
2.31
2.30
2.30
2.30
2.29
2.29
2.29
2.29
2.29
2.29
2.28
2.28
2.28
2.28
2.28
2.28
2.29
2.29
2.29
2.29
2.29
2.30
2.30
2.30
2.31
2.31
2.32
2.32
2.33
2.34
2.34
2.35
2.36
2.36
2.37
2.37
2.37
2.38
2.38
2.39
2.39
2.39
2.39
2.38
2.38
2.38
2.37
2.37
2.37
2.36
2.36
2.36
2.35
2.35
2.35
2.35
2.34
2.34
2.34
2.34
2.33
2.33
2.33
2.33
2.33
2.32
2.32
2.32
2.32
2.32
2.32
2.32
2.32
2.32
2.32
2.32
2.32
2.32
2.33
2.33
2.33
2.33
2.33
2.34
2.34
2.34
2.34
2.35
2.35
2.35
2.36
2.36
2.37
2.37
2.37
2.38
2.38
2.39
2.39
2.40
2.40
2.41
2.41
2.42
2.42
2.43
2.43
2.44
2.44
2.45
2.45
2.46
2.46
2.46
2.47
2.47
2.48
2.48
2.49
2.49
2.49
2.50
2.50
2.51
2.51
2.51
2.52
2.52
2.53
2.53
2.54
2.54
2.54
2.55
2.55
2.56
2.56
2.56
2.57
2.57
2.58
2.58
2.59
2.59
2.60
2.60
2.61
2.61
2.62
2.62
2.63
2.63
2.64
2.64
2.65
2.65
2.66
2.66
2.67
2.67
2.68
2.69
2.70
2.70
2.71
2.72
2.73
2.73
2.74
2.75
2.76
2.77
2.77
2.78
2.79
2.80
2.81
2.82
2.83
2.84
2.85
2.86
2.87
2.88
2.89
2.90
2.91
2.92
2.93
2.93
2.94
2.95
2.96
2.97
2.97
2.98
2.98
2.99
2.99
3.00
3.00
3.00
3.00
3.00
3.00
3.01
3.01
3.01
3.00
3.00
3.00
3.00
3.00
3.00
3.00
3.00
3.01
3.01
3.01
3.01
3.01
3.01
3.02
3.02
3.03
3.03
3.03
3.04
3.04
3.04
3.04
3.04
3.04
3.04
3.04
3.04
3.04
3.04
3.03
3.03
3.03
3.03
3.03
3.02
3.02
3.02
3.01
3.01
3.01
3.00
3.00
2.99
2.99
2.99
2.98
2.98
2.97
2.97
2.96
2.96
2.95
2.94
2.94
2.93
2.92
2.92
2.91
2.90
2.89
2.88
2.88
2.87
2.86
2.85
2.84
2.83
2.82
2.80
2.79
2.78
2.77
2.75
2.74
2.73
2.71
2.70
2.68
2.67
2.65
2.64
2.62
2.61
2.59
2.57
2.55
2.54
2.52
2.50
2.48
2.47
2.45
2.44
2.43
2.42
2.41
2.41
2.41
2.42
2.42
2.42
2.43
2.44
2.45
2.46
2.46
2.47
2.47
2.47
2.46
2.45
2.45
2.44
2.44
2.43
2.43
2.43
2.42
2.42
2.42
2.41
2.41
2.41
2.40
2.40
2.40
2.40
2.40
2.39
2.39
2.39
2.39
2.39
2.39
2.39
2.39
2.39
2.39
2.39
2.39
2.39
2.39
2.39
2.39
2.39
2.39
2.39
2.39
2.39
2.39
2.39
2.39
2.39
2.39
2.39
2.39
2.39
2.38
2.38
2.38
2.38
2.38
2.37
2.37
2.37
2.37
2.37
2.37
2.37
2.37
2.37
2.37
2.37
2.37
2.37
2.37
2.37
2.38
2.38
2.38
2.38
2.39
2.39
2.40
2.40
2.41
2.42
2.43
2.44
2.45
2.46
2.48
2.50
2.52
2.54
2.57
2.60
2.62
2.65
2.69
2.71
2.74
2.76
2.78
2.80
2.82
2.83
2.84
2.85
2.86
2.87
2.89
2.90
2.91
2.92
2.93
2.94
2.95
2.96
2.97
2.98
2.99
3.00
3.01
3.02
3.03
3.04
3.04
3.05
3.06
3.07
3.07
3.08
3.08
3.09
3.10
3.11
3.11
3.12
3.14
3.15
3.16
3.18
3.19
3.21
3.22
3.24
3.26
3.28
3.31
3.34
3.38
3.42
3.47
3.51
3.55
3.59
3.63
3.67
3.72
3.75
3.78
3.81
3.82
3.83
3.84
3.84
3.83
3.82
3.81
3.80
3.78
3.76
3.75
3.73
3.71
3.69
3.67
3.65
3.63
3.61
3.59
3.57
3.56
3.54
3.52
3.50
3.49
3.47
3.46
3.44
3.43
3.42
3.40
3.39
3.38
3.37
3.36
3.35
3.34
3.33
3.32
3.31
3.31
3.30
3.29
3.29
3.28
3.28
3.28
3.27
3.27
3.27
3.27
3.27
3.27
3.27
3.27
3.27
3.27
3.27
3.27
3.27
3.27
3.27
3.27
3.27
3.27
3.27
3.27
3.27
3.27
3.27
3.27
3.27
3.27
3.27
3.27
3.27
3.27
3.28
3.28
3.28
3.28
3.28
3.29
3.29
3.29
3.29
3.30
3.30
3.31
3.31
3.31
3.32
3.32
3.33
3.33
3.34
3.34
3.35
3.35
3.36
3.36
3.37
3.37
3.38
3.39
3.39
3.40
3.41
3.41
3.42
3.43
3.43
3.44
3.45
3.45
3.46
3.47
3.47
3.48
3.49
3.49
3.50
3.51
3.51
3.52
3.53
3.53
3.54
3.55
3.55
3.56
3.57
3.57
3.58
3.58
3.59
3.60
3.60
3.61
3.61
3.62
3.62
3.63
3.64
3.64
3.65
3.65
3.66
3.66
3.67
3.67
3.68
3.69
3.69
3.70
3.70
3.71
3.71
3.72
3.72
3.72
3.72
3.72
3.73
3.73
3.73
3.73
3.74
3.74
3.74
3.74
3.75
3.75
3.75
3.75
3.76
3.76
3.76
3.76
3.76
3.76
3.76
3.75
3.75
3.74
3.73
3.71
3.70
3.68
3.67
3.65
3.63
3.61
3.58
3.56
3.55
3.54
3.53
3.52
3.52
3.52
3.52
3.53
3.53
3.54
3.54
3.55
3.56
3.57
3.57
3.58
3.58
3.58
3.58
3.58
3.57
3.57
3.56
3.56
3.55
3.55
3.55
3.54
3.54
3.54
3.53
3.53
3.53
3.53
3.52
3.52
3.51
3.50
3.49
3.48
3.47
3.46
3.46
3.45
3.43
3.42
3.41
3.40
3.39
3.38
3.37
3.36
3.36
3.35
3.34
3.34
3.34
3.34
3.33
3.33
3.33
3.33
3.33
3.33
3.33
3.32
3.32
3.31
3.31
3.30
3.30
3.29
3.28
3.27
3.26
3.25
3.24
3.22
3.21
3.19
3.17
3.15
3.13
3.11
3.09
3.07
3.05
3.03
3.01
2.99
2.97
2.95
2.94
2.92
2.90
2.88
2.87
2.85
2.84
2.83
2.83
2.82
2.82
2.82
2.82
2.82
2.82
2.82
2.83
2.83
2.84
2.84
2.85
2.86
2.87
2.88
2.89
2.90
2.91
2.92
2.94
2.95
2.96
2.98
2.99
3.01
3.02
3.04
3.06
3.08
3.10
3.13
3.15
3.18
3.21
3.24
3.27
3.31
3.34
3.37
3.40
3.42
3.45
3.48
3.51
3.54
3.56
3.58
3.60
3.62
3.63
3.65
3.66
3.66
3.67
3.67
3.67
3.66
3.64
3.62
3.60
3.58
3.55
3.52
3.49
3.45
3.42
3.39
3.37
3.34
3.31
3.29
3.26
3.24
3.22
3.20
3.18
3.15
3.13
3.11
3.09
3.07
3.06
3.04
3.02
3.00
2.98
2.96
2.95
2.93
2.91
2.89
2.88
2.86
2.85
2.83
2.82
2.81
2.80
2.79
2.79
2.79
2.79
2.79
2.79
2.80
2.80
2.81
2.81
2.81
2.81
2.81
2.80
2.80
2.80
2.79
2.79
2.79
2.78
2.77
2.76
2.75
2.74
2.73
2.72
2.71
2.71
2.70
2.69
2.69
2.68
2.67
2.66
2.65
2.64
2.63
2.62
2.60
2.59
2.57
2.55
2.53
2.51
2.49
2.48
2.47
2.45
2.45
2.44
2.43
2.43
2.43
2.43
2.42
2.41
2.41
2.41
2.41
2.42
2.42
2.43
2.45
2.46
2.47
2.49
2.50
2.51
2.52
2.53
2.53
2.52
2.52
2.51
2.51
2.51
2.51
2.51
2.52
2.53
2.54
2.55
2.55
2.56
2.56
2.57
2.57
2.57
2.57
2.57
2.57
2.57
2.57
2.57
2.57
2.57
2.57
2.56
2.56
2.55
2.54
2.54
2.53
2.53
2.52
2.52
2.52
2.53
2.53
2.54
2.54
2.55
2.55
2.56
2.56
2.57
2.58
2.58
2.59
2.60
2.61
2.61
2.62
2.63
2.64
2.65
2.66
2.67
2.68
2.69
2.70
2.71
2.72
2.74
2.75
2.77
2.78
2.80
2.82
2.83
2.85
2.87
2.89
2.91
2.93
2.95
2.98
3.01
3.04
3.08
3.12
3.16
3.21
3.25
3.29
3.33
3.37
3.40
3.43
3.45
3.46
3.47
3.48
3.49
3.49
3.49
3.49
3.48
3.48
3.47
3.45
3.44
3.42
3.40
3.37
3.33
3.30
3.27
3.23
3.19
3.15
3.11
3.07
3.04
3.00
2.97
2.93
2.90
2.87
2.84
2.81
2.79
2.76
2.74
2.71
2.69
2.67
2.65
2.63
2.61
2.58
2.56
2.53
2.50
2.47
2.44
2.41
2.37
2.34
2.31
2.28
2.25
2.21
2.19
2.16
2.12
2.09
2.05
2.01
1.96
1.91
1.86
1.81
1.76
1.72
1.68
1.64
1.61
1.58
1.55
1.53
1.51
1.50
1.48
1.47
1.47
1.46
1.46
1.46
1.46
1.46
1.46
1.46
1.46
1.46
1.47
1.47
1.47
1.48
1.48
1.48
1.49
1.49
1.49
1.50
1.50
1.50
1.50
1.51
1.51
1.51
1.51
1.52
1.52
1.52
1.52
1.53
1.53
1.53
1.53
1.53
1.53
1.54
1.54
1.54
1.54
1.54
1.54
1.54
1.54
1.55
1.55
1.55
1.55
1.55
1.55
1.56
1.56
1.57
1.57
1.58
1.59
1.59
1.60
1.61
1.61
1.61
1.61
1.61
1.61
1.61
1.60
1.60
1.59
1.58
1.57
1.56
1.56
1.55
1.54
1.54
1.54
1.53
1.53
1.53
1.53
1.53
1.53
1.53
1.53
1.53
1.53
1.53
1.53
1.53
1.53
1.53
1.53
1.53
1.54
1.54
1.54
1.54
1.54
1.54
1.54
1.54
1.54
1.54
1.54
1.54
1.54
1.54
1.54
1.54
1.55
1.55
1.55
1.55
1.55
1.55
1.55
1.55
1.55
1.55
1.55
1.55
1.55
1.55
1.55
1.55
1.56
1.56
1.56
1.56
1.56
1.56
1.56
1.56
1.56
1.56
1.56
1.56
1.56
1.56
1.56
1.56
1.56
1.56
1.56
1.56
1.56
1.56
1.56
1.56
1.56
1.56
1.56
1.56
1.56
1.56
1.56
1.56
1.56
1.56
1.56
1.56
1.56
1.56
1.56
1.56
1.56
1.56
1.56
1.56
1.56
1.56
1.56
1.56
1.56
1.56
1.56
1.56
1.56
1.56
1.56
1.56
1.56
1.56
1.56
1.56
1.56
1.56
1.56
1.56
1.56
1.56
1.56
1.56
1.56
1.56
1.56
1.56
1.56
1.56
1.56
1.56
1.56
1.56
1.56
1.56
1.56
1.56
1.56
1.56
1.56
1.56
1.56
1.56
1.56
1.56
1.56
1.56
1.56
1.55
1.55
1.55
1.55
1.55
1.55
1.55
1.55
1.55
1.55
1.55
1.55
1.55
1.55
1.55
1.55
1.55
1.55
1.55
1.55
1.55
1.55
1.55
1.55
1.55
1.55
1.55
1.55
1.55
1.55
1.55
1.55
1.55
1.55
1.55
1.55
1.55
1.55
1.55
1.55
1.55
1.55
1.55
1.55
1.55
1.55
1.55
1.55
1.55
1.55
1.55
1.55
1.56
1.55
1.55
1.55
1.55
1.55
1.55
1.55
1.55
1.55
1.55
1.56
1.56
1.56
1.56
1.57
1.58
1.60
1.61
1.63
1.65
1.68
1.70
1.73
1.75
1.76
1.78
1.79
1.80
1.80
1.81
1.81
1.82
1.82
1.82
1.82
1.82
1.82
1.82
1.82
1.81
1.81
1.81
1.80
1.80
1.80
1.79
1.79
1.78
1.77
1.77
1.76
1.76
1.75
1.74
1.74
1.73
1.72
1.71
1.70
1.69
1.68
1.67
1.66
1.65
1.64
1.63
1.62
1.60
1.59
1.58
1.57
1.55
1.54
1.54
1.53
1.52
1.52
1.51
1.51
1.51
1.51
1.50
1.50
1.50
1.50
1.50
1.50
1.50
1.51
1.51
1.51
1.51
1.51
1.51
1.52
1.52
1.52
1.52
1.52
1.52
1.53
1.53
1.53
1.53
1.53
1.54
1.54
1.54
1.54
1.54
1.54
1.54
1.54
1.55
1.55
1.55
1.55
1.55
1.55
1.55
1.55
1.55
1.55
1.55
1.55
1.55
1.56
1.56
1.56
1.56
1.56
1.56
1.56
1.56
1.56
1.56
1.56
1.56
1.56
1.56
1.56
1.56
1.56
1.56
1.56
1.56
1.56
1.56
1.56
1.56
1.56
1.56
1.56
1.56
1.56
1.56
1.56
1.56
1.56
1.56
1.56
1.56
1.56
1.56
1.56
1.56
1.56
1.56
1.56
1.56
1.56
1.56
1.56
1.56
1.56
1.56
1.56
1.56
1.56
1.56
1.56
1.56
1.56
1.56
1.56
1.56
1.56
1.56
1.56
1.56
1.56
1.56
1.56
1.56
1.56
1.56
1.56
1.56
1.56
1.56
1.56
1.56
1.56
1.56
1.56
1.56
1.56
1.56
1.56
1.56
1.56
1.56
1.56
1.56
1.56
1.56
1.56
1.56
1.56
1.56
1.56
1.56
1.56
1.56
1.56
1.56
1.56
1.56
1.56
1.56
1.56
1.56
1.56
1.56
1.56
1.56
1.56
1.56
1.56
1.56
1.56
1.56
1.56
1.56
1.56
1.56
1.56
1.56
1.56
1.56
1.56
1.56
1.56
1.56
1.56
1.56
1.56
1.56
1.56
1.56
1.56
1.56
1.56
1.56
1.56
1.56
1.56
1.56
1.56
1.56
1.56
1.56
1.56
1.56
1.56
1.56
1.56
1.56
1.56
1.56
1.56
1.56
1.56
1.56
1.56
1.56
1.56
1.56
1.56
1.56
1.56
1.56
1.56
1.56
1.56
1.56
1.56
1.56
1.56
1.56
1.56
1.56
1.56
1.56
1.56
1.56
1.56
1.56
1.56
1.56
1.56
1.56
1.56
1.56
1.56
1.56
1.56
1.56
1.56
1.56
1.56
1.56
1.56
1.56
1.56
1.56
1.56
1.56
1.56
1.56
1.56
1.56
1.56
1.56
1.56
1.56
1.56
1.56
1.56
1.56
1.56
1.56
1.56
1.56
1.56
1.56
1.56
1.56
1.56
1.56
1.56
1.56
1.56
1.56
1.56
1.56
1.56
1.56
1.56
1.56
1.56
1.56
1.56
1.56
1.56
1.56
1.56
1.56
1.56
1.56
1.56
1.56
1.56
1.56
1.56
1.56
1.56
1.56
1.56
1.56
1.56
1.56
1.56
1.56
1.56
1.56
1.56
1.56
1.56
1.56
1.56
1.56
1.56
1.56
1.56
1.56
1.56
1.56
1.56
1.56
1.56
1.56
1.56
1.56
1.56
1.56
1.56
1.56
1.56
1.56
1.56
1.56
1.56
1.56
1.56
1.56
1.56
1.56
1.56
1.56
1.56
1.56
1.56
1.56
1.56
1.56
1.56
1.56
1.56
1.56
1.56
1.56
1.56
1.56
1.56
1.56
1.56
1.56
1.56
1.56
1.56
1.56
1.56
1.56
1.56
1.56
1.56
1.56
1.56
1.56
1.56
1.56
1.56
1.56
1.56
1.56
1.56
1.57
1.57
1.57
1.57
1.57
1.57
1.57
1.58
1.58
1.58
1.58
1.59
1.59
1.59
1.59
1.60
1.60
1.60
1.61
1.61
1.61
1.62
1.62
1.63
1.63
1.63
1.64
1.64
1.65
1.65
1.66
1.66
1.67
1.67
1.68
1.68
1.69
1.69
1.70
1.71
1.71
1.72
1.73
1.73
1.74
1.75
1.75
1.76
1.77
1.77
1.78
1.79
1.80
1.80
1.81
1.82
1.83
1.84
1.84
1.85
1.86
1.87
1.88
1.89
1.90
1.91
1.92
1.93
1.94
1.95
1.95
1.96
1.97
1.99
2.00
2.01
2.02
2.03
2.04
2.05
2.06
2.07
2.08
2.09
2.11
2.12
2.13
2.14
2.15
2.16
2.18
2.19
2.20
2.21
2.23
2.24
2.25
2.27
2.28
2.29
2.31
2.32
2.33
2.35
2.36
2.37
2.39
2.40
2.42
2.43
2.45
2.46
2.48
2.49
2.50
2.52
2.54
2.55
2.57
2.58
2.60
2.61
2.63
2.64
2.66
2.68
2.69
2.71
2.73
2.74
2.76
2.78
2.79
2.81
2.83
2.85
2.86
2.88
2.90
2.92
2.94
2.96
2.98
2.99
3.01
3.03
3.05
3.07
3.09
3.11
3.13
3.15
3.17
3.19
3.22
3.24
3.26
3.28
3.30
3.33
3.35
3.37
3.40
3.42
3.44
3.47
3.49
3.52
3.54
3.57
3.59
3.62
3.64
3.66
3.67
3.69
3.70
3.71
3.72
3.72
3.72
3.73
3.73
3.73
3.73
3.73
3.73
3.73
3.74
3.74
3.75
3.76
3.77
3.78
3.79
3.80
3.82
3.83
3.85
3.86
3.88
3.90
3.92
3.95
3.98
4.01
4.05
4.08
4.12
4.16
4.20
4.24
4.29
4.33
4.38
4.42
4.45
4.48
4.50
4.52
4.53
4.54
4.55
4.55
4.55
4.55
4.55
4.55
4.54
4.54
4.53
4.53
4.52
4.52
4.51
4.51
4.50
4.49
4.49
4.48
4.48
4.47
4.47
4.46
4.45
4.43
4.41
4.38
4.35
4.32
4.28
4.24
4.19
4.15
4.11
4.07
4.04
4.01
3.99
3.97
3.95
3.94
3.92
3.91
3.90
3.89
3.88
3.87
3.87
3.86
3.86
3.85
3.85
3.85
3.84
3.84
3.84
3.83
3.83
3.83
3.82
3.82
3.81
3.81
3.80
3.80
3.79
3.79
3.79
3.78
3.78
3.77
3.77
3.77
3.76
3.75
3.74
3.73
3.72
3.71
3.69
3.67
3.66
3.63
3.61
3.58
3.56
3.52
3.49
3.45
3.42
3.39
3.35
3.32
3.28
3.24
3.19
3.15
3.10
3.05
3.00
2.95
2.90
2.86
2.81
2.77
2.73
2.70
2.66
2.63
2.59
2.56
2.53
2.49
2.46
2.43
2.41
2.38
2.35
2.32
2.29
2.26
2.24
2.21
2.18
2.15
2.13
2.11
2.09
2.08
2.06
2.06
2.05
2.04
2.04
2.04
2.05
2.05
2.06
2.07
2.07
2.08
2.09
2.10
2.11
2.11
2.12
2.13
2.13
2.14
2.14
2.15
2.15
2.16
2.17
2.17
2.18
2.19
2.19
2.20
2.21
2.22
2.23
2.24
2.25
2.27
2.28
2.29
2.31
2.32
2.34
2.36
2.37
2.39
2.41
2.43
2.45
2.47
2.48
2.50
2.51
2.53
2.55
2.56
2.58
2.60
2.62
2.64
2.66
2.67
2.69
2.71
2.72
2.74
2.75
2.77
2.78
2.80
2.82
2.84
2.85
2.87
2.89
2.91
2.92
2.93
2.94
2.95
2.95
2.96
2.97
2.97
2.98
2.98
2.98
2.99
2.98
2.98
2.98
2.97
2.97
2.96
2.96
2.95
2.94
2.94
2.93
2.93
2.93
2.93
2.93
2.93
2.93
2.93
2.93
2.93
2.93
2.93
2.93
2.93
2.93
2.93
2.93
2.93
2.93
2.93
2.93
2.92
2.92
2.91
2.91
2.90
2.89
2.88
2.87
2.86
2.85
2.84
2.83
2.82
2.81
2.80
2.79
2.78
2.76
2.75
2.74
2.73
2.71
2.70
2.69
2.68
2.67
2.66
2.65
2.63
2.62
2.61
2.60
2.59
2.58
2.56
2.55
2.54
2.53
2.52
2.51
2.51
2.50
2.49
2.49
2.48
2.48
2.47
2.47
2.47
2.47
2.47
2.47
2.47
2.47
2.47
2.47
2.47
2.47
2.47
2.48
2.48
2.48
2.49
2.49
2.50
2.50
2.51
2.52
2.52
2.53
2.54
2.55
2.56
2.57
2.58
2.59
2.60
2.62
2.63
2.64
2.66
2.67
2.68
2.70
2.71
2.72
2.74
2.75
2.77
2.78
2.79
2.80
2.81
2.81
2.82
2.83
2.83
2.84
2.85
2.85
2.86
2.86
2.87
2.87
2.88
2.88
2.89
2.89
2.90
2.90
2.91
2.91
2.91
2.92
2.92
2.93
2.93
2.93
2.94
2.94
2.95
2.95
2.95
2.96
2.96
2.96
2.97
2.97
2.97
2.98
2.98
2.98
2.99
2.99
2.99
3.00
3.00
3.00
3.01
3.01
3.01
3.02
3.02
3.02
3.02
3.03
3.03
3.03
3.04
3.04
3.04
3.04
3.05
3.05
3.05
3.05
3.06
3.06
3.06
3.06
3.07
3.07
3.07
3.07
3.08
3.08
3.08
3.08
3.08
3.09
3.09
3.09
3.09
3.09
3.10
3.10
3.10
3.10
3.10
3.10
3.10
3.11
3.11
3.11
3.11
3.11
3.11
3.11
3.11
3.12
3.12
3.12
3.12
3.12
3.12
3.13
3.13
3.13
3.13
3.13
3.13
3.13
3.13
3.14
3.14
3.14
3.14
3.14
3.14
3.14
3.14
3.14
3.14
3.14
3.14
3.14
3.14
3.14
3.14
3.14
3.14
3.14
3.14
3.14
3.13
3.13
3.13
3.13
3.13
3.13
3.13
3.12
3.12
3.12
3.12
3.12
3.12
3.11
3.11
3.11
3.11
3.11
3.10
3.10
3.10
3.09
3.09
3.09
3.08
3.08
3.07
3.07
3.06
3.05
3.04
3.04
3.03
3.02
3.01
3.00
2.99
2.97
2.95
2.94
2.92
2.90
2.88
2.85
2.83
2.81
2.79
2.76
2.74
2.71
2.69
2.67
2.64
2.62
2.59
2.57
2.55
2.52
2.50
2.48
2.46
2.43
2.41
2.39
2.37
2.35
2.33
2.31
2.29
2.27
2.24
2.22
2.20
2.17
2.14
2.12
2.09
2.06
2.03
2.00
1.97
1.94
1.90
1.87
1.84
1.80
1.76
1.73
1.69
1.65
1.61
1.57
1.54
1.51
1.49
1.47
1.45
1.44
1.44
1.43
1.43
1.43
1.43
1.43
1.43
1.43
1.44
1.44
1.45
1.45
1.45
1.46
1.46
1.47
1.47
1.48
1.48
1.48
1.49
1.49
1.50
1.50
1.50
1.51
1.51
1.51
1.52
1.52
1.52
1.53
1.53
1.53
1.53
1.53
1.54
1.54
1.54
1.54
1.54
1.54
1.55
1.55
1.55
1.55
1.55
1.55
1.55
1.55
1.55
1.55
1.55
1.55
1.56
1.56
1.56
1.56
1.56
1.56
1.56
1.56
1.56
1.56
1.56
1.56
1.56
1.56
1.56
1.56
1.56
1.56
1.56
1.56
1.56
1.56
1.56
1.56
1.56
1.56
1.56
1.56
1.56
1.56
1.56
1.56
1.56
1.56
1.56
1.56
1.56
1.56
1.56
1.56
1.56
1.56
1.56
1.56
1.56
1.56
1.56
1.56
1.56
1.56
1.56
1.56
1.56
1.56
1.56
1.56
1.56
1.56
1.56
1.56
1.56
1.56
1.56
1.56
1.56
1.56
1.56
1.56
1.56
1.56
1.56
1.56
1.56
1.56
1.56
1.56
1.56
1.56
1.56
1.56
1.56
1.56
1.56
1.56
1.56
1.56
1.56
1.56
1.56
1.56
1.56
1.56
1.56
1.56
1.56
1.56
1.56
1.56
1.56
1.56
1.56
1.56
1.56
1.56
1.56
1.56
1.56
1.56
1.56
1.56
1.56
1.56
1.56
1.56
1.56
1.56
1.56
1.56
1.56
1.56
1.56
1.56
1.56
1.56
1.56
1.56
1.56
1.56
1.56
1.56
1.56
1.56
1.56
1.56
1.56
1.56
1.56
1.56
1.56
1.56
1.56
1.56
1.56
1.56
1.56
1.56
1.56
1.56
1.56
1.56
1.56
1.56
1.56
1.56
1.56
1.56
1.56
1.56
1.56
1.56
1.56
1.56
1.56
1.56
1.56
1.56
1.56
1.56
1.56
1.56
1.56
1.56
1.56
1.56
1.56
1.56
1.56
1.56
1.56
1.56
1.56
1.56
1.56
1.56
1.56
1.56
1.56
1.56
1.56
1.56
1.56
1.56
1.56
1.56
1.56
1.56
1.56
1.56
1.56
1.56
1.56
1.56
1.56
1.56
1.56
1.56
1.56
1.56
1.56
1.56
1.56
1.56
1.56
1.56
1.56
1.56
1.56
1.56
1.56
1.56
1.56
1.56
1.56
1.56
1.56
1.56
1.56
1.56
1.56
1.56
1.56
1.56
1.56
1.56
1.56
1.56
1.56
1.56
1.56
1.56
1.56
1.56
1.56
1.56
1.56
1.56
1.56
1.56
1.56
1.56
1.56
1.56
1.56
1.56
1.56
1.56
1.56
1.56
1.56
1.56
1.56
1.56
1.56
1.56
1.56
1.56
1.56
1.56
1.56
1.56
1.56
1.56
1.56
1.56
1.56
1.56
1.56
1.56
1.56
1.56
1.56
1.56
1.56
1.56
1.56
1.56
1.56
1.56
1.56
1.56
1.56
1.56
1.56
1.56
1.56
1.56
1.56
1.56
1.56
1.56
1.56
1.56
1.56
1.56
1.56
1.56
1.56
1.56
1.56
1.56
1.56
1.56
1.56
1.56
1.56
1.56
1.56
1.56
1.56
1.56
1.56
1.56
1.56
1.56
1.56
1.56
1.56
1.56
1.56
1.56
1.56
1.56
1.56
1.56
1.56
1.56
1.56
1.56
1.56
1.56
1.56
1.56
1.56
1.56
1.56
1.56
1.56
1.56
1.56
1.56
1.56
1.56
1.56
1.56
1.56
1.56
1.56
1.56
1.56
1.56
1.56
1.56
1.56
1.56
1.56
1.56
1.56
1.56
1.56
1.56
1.56
1.56
1.56
1.56
1.56
1.56
1.56
1.56
1.56
1.56
1.56
1.56
1.56
1.56
1.56
1.56
1.56
1.56
1.56
1.56
1.56
1.56
1.56
1.56
1.56
1.56
1.56
1.56
1.56
1.56
1.56
1.56
1.56
1.56
1.56
1.56
1.56
1.56
1.56
1.56
1.56
1.56
1.56
1.56
1.56
1.56
1.56
1.56
1.56
1.56
1.56
1.56
1.56
1.56
1.56
1.56
1.56
1.56
1.56
1.56
1.56
1.56
1.56
1.56
1.56
1.56
1.56
1.56
1.56
1.56
1.56
1.56
1.56
1.56
1.56
1.56
1.56
1.56
1.56
1.56
1.56
1.56
1.56
1.56
1.56
1.56
1.56
1.56
1.56
1.56
1.56
1.56
1.56
1.56
1.56
1.56
1.56
1.56
1.56
1.56
1.56
1.56
1.56
1.56
1.56
1.56
1.56
1.56
1.56
1.56
1.56
1.56
1.56
1.56
1.56
1.56
1.56
1.56
1.56
1.56
1.56
1.56
1.56
1.56
1.56
1.56
1.56
1.56
1.56
1.56
1.56
1.56
1.56
1.56
1.56
1.56
1.56
1.56
1.56
1.56
1.56
1.56
1.56
1.56
1.56
1.56
1.56
1.56
1.56
1.56
1.56
1.56
1.56
1.56
1.56
1.56
1.56
1.56
1.56
1.56
1.56
1.56
1.56
1.56
1.56
1.56
1.56
1.56
1.56
1.56
1.56
1.56
1.56
1.56
1.56
1.56
1.56
1.56
1.56
1.56
1.56
1.56
1.56
1.56
1.56
1.56
1.56
1.56
1.56
1.56
1.56
1.56
1.56
1.56
1.56
1.56
1.56
1.56
1.56
1.56
1.56
1.56
1.56
1.56
1.56
1.56
1.56
1.56
1.56
1.56
1.56
1.56
1.56
1.56
1.56
1.56
1.56
1.56
1.56
1.56
1.56
1.56
1.56
1.56
1.56
1.56
1.56
1.56
1.56
1.56
1.56
1.56
1.56
1.56
1.56
1.56
1.56
1.56
1.56
1.56
1.56
1.56
1.56
1.56
1.56
1.56
1.56
1.56
1.56
1.56
1.56
1.56
1.56
1.56
1.56
1.56
1.56
1.56
1.56
1.56
1.56
1.56
1.56
1.56
1.56
1.56
1.56
1.56
1.56
1.56
1.56
1.56
1.56
1.56
1.56
1.56
1.56
1.56
1.56
1.56
1.56
1.56
1.56
1.56
1.56
1.56
1.56
1.56
1.56
1.56
1.56
1.56
1.56
1.56
1.56
1.56
1.56
1.56
1.56
1.56
1.56
1.56
1.56
1.56
1.56
1.56
1.56
1.56
1.56
1.56
1.56
1.56
1.56
1.56
1.56
1.56
1.56
1.56
1.56
1.56
1.56
1.56
1.56
1.56
1.56
1.56
1.56
1.56
1.56
1.56
1.56
1.56
1.56
1.56
1.56
1.56
1.56
1.56
1.56
1.56
1.56
1.56
1.56
1.56
1.56
1.56
1.56
1.56
1.56
1.56
1.56
1.56
1.56
1.56
1.56
1.56
1.56
1.56
1.56
1.56
1.56
1.56
1.56
1.56
1.56
1.56
1.56
1.56
1.56
1.56
1.56
1.56
1.56
1.56
1.56
1.56
1.56
1.56
1.56
1.56
1.56
1.56
1.56
1.56
1.56
1.56
1.56
1.56
1.56
1.56
1.56
1.56
1.56
1.56
1.56
1.56
1.56
1.56
1.56
1.56
1.56
1.56
1.56
1.56
1.56
1.56
1.56
1.56
1.56
1.56
1.56
1.56
1.56
1.56
1.56
1.56
1.56
1.56
1.56
1.56
1.56
1.56
1.56
1.56
1.56
1.56
1.56
1.56
1.56
1.56
1.56
1.56
1.56
1.56
1.56
1.56
1.56
1.56
1.56
1.56
1.56
1.56
1.56
1.56
1.56
1.56
1.56
1.56
1.56
1.56
1.56
1.56
1.56
1.56
1.56
1.56
1.56
1.56
1.56
1.56
1.56
1.56
1.56
1.56
1.56
1.56
1.56
1.56
1.56
1.56
1.56
1.56
1.56
1.56
1.56
1.56
1.56
1.56
1.56
1.56
1.56
1.56
1.56
1.56
1.56
1.56
1.56
1.56
1.56
1.56
1.56
1.56
1.56
1.56
1.56
1.56
1.56
1.56
1.56
1.56
1.56
1.56
1.56
1.56
1.56
1.56
1.56
1.56
1.56
1.56
1.56
1.56
1.56
1.56
1.56
1.56
1.56
1.56
1.56
1.56
1.56
1.56
1.56
1.56
1.56
1.56
1.56
1.56
1.56
1.56
1.56
1.56
1.56
1.56
1.56
1.56
1.56
1.56
1.56
1.56
1.56
1.56
1.56
1.56
1.56
1.56
1.56
1.56
1.56
1.56
1.56
1.56
1.56
1.56
1.56
1.56
1.56
1.56
1.56
1.56
1.56
1.56
1.56
1.56
1.56
1.56
1.56
1.56
1.56
1.56
1.56
1.56
1.56
1.56
1.56
1.56
1.56
1.56
1.56
1.56
1.56
1.56
1.56
1.56
1.56
1.56
1.56
1.56
1.56
1.56
1.56
1.56
1.56
1.56
1.56
1.56
1.56
1.56
1.56
1.56
1.56
1.56
1.56
1.56
1.56
1.56
1.56
1.56
1.56
1.56
1.56
1.56
1.56
1.56
1.56
1.56
1.56
1.56
1.56
1.56
1.56
1.56
1.56
1.56
1.56
1.56
1.56
1.56
1.56
1.56
1.56
1.56
1.56
1.56
1.56
1.56
1.56
1.56
1.56
1.56
1.56
1.56
1.56
1.56
1.56
1.56
1.56
1.56
1.56
1.56
1.56
1.56
1.56
1.56
1.56
1.56
1.56
1.56
1.56
1.56
1.56
1.56
1.56
1.56
1.56
1.56
1.56
1.56
1.56
1.56
1.56
1.56
1.56
1.56
1.56
1.56
1.56
1.56
1.56
1.56
1.56
1.56
1.56
1.56
1.56
1.56
1.56
1.56
1.56
1.56
1.56
1.56
1.56
1.56
1.56
1.56
1.56
1.56
1.56
1.56
1.56
1.56
1.56
1.56
1.56
1.56
1.56
1.56
1.56
1.56
1.56
1.56
1.56
1.56
1.56
1.56
1.56
1.56
1.56
1.56
1.56
1.56
1.56
1.56
1.56
1.56
1.56
1.56
1.56
1.56
1.56
1.56
1.56
1.56
1.56
1.56
1.56
1.56
1.56
1.56
1.56
1.56
1.56
1.56
1.56
1.56
1.56
1.56
1.56
1.56
1.56
1.56
1.56
1.56
1.56
1.56
1.56
1.56
1.56
1.56
1.56
1.56
1.56
1.56
1.56
1.56
1.56
1.56
1.56
1.56
1.56
1.56
1.56
1.56
1.56
1.56
1.56
1.56
1.56
1.56
1.56
1.56
1.56
1.56
1.56
1.56
1.56
1.56
1.56
1.56
1.56
1.56
1.56
1.56
1.56
1.56
1.56
1.56
1.56
1.56
1.56
1.56
1.56
1.56
1.56
1.56
1.56
1.56
1.56
1.56
1.56
1.56
1.56
1.56
1.56
1.56
1.56
1.56
1.56
1.56
1.56
1.56
1.56
1.56
1.56
1.56
1.56
1.56
1.56
1.56
1.56
1.56
1.56
1.56
1.56
1.56
1.56
1.56
1.56
1.56
1.56
1.56
1.56
1.56
1.56
1.56
1.56
1.56
1.56
1.56
1.56
1.56
1.56
1.56
1.56
1.56
1.56
1.56
1.56
1.56
1.56
1.56
1.56
1.56
1.56
1.56
1.56
1.56
1.56
1.56
1.56
1.56
1.56
1.56
1.56
1.56
1.56
1.56
1.56
1.56
1.56
1.56
1.56
1.56
1.56
1.56
1.56
1.56
1.56
1.56
1.56
1.56
1.56
1.56
1.56
1.56
1.56
1.56
1.56
1.56
1.56
1.56
1.56
1.56
1.56
1.56
1.56
1.56
1.56
1.56
1.56
1.56
1.56
1.56
1.56
1.56
1.56
1.56
1.56
1.56
1.56
1.56
1.56
1.56
1.56
1.56
1.56
1.56
1.56
1.56
1.56
1.56
1.56
1.56
1.56
1.56
1.56
1.56
1.56
1.56
1.56
1.56
1.56
1.56
1.56
1.56
1.56
1.56
1.56
1.56
1.56
1.56
1.56
1.56
1.56
1.56
1.56
1.56
1.56
1.56
1.56
1.56
1.56
1.56
1.56
1.56
1.56
1.56
1.56
1.56
1.56
1.56
1.56
1.56
1.56
1.56
1.56
1.56
1.56
1.56
1.56
1.56
1.56
1.56
1.56
1.56
1.56
1.56
1.56
1.56
1.56
1.56
1.56
1.56
1.56
1.56
1.56
1.56
1.56
1.56
1.56
1.56
1.56
1.56
1.56
1.56
1.56
1.56
1.56
1.56
1.56
1.56
1.56
1.56
1.56
1.56
1.56
1.56
1.56
1.56
1.56
1.56
1.56
1.56
1.56
1.56
1.56
1.56
1.56
1.56
1.56
1.56
1.56
1.56
1.56
1.56
1.56
1.56
1.56
1.56
1.56
1.56
1.56
1.56
1.56
1.56
1.56
1.56
1.56
1.56
1.56
1.56
1.56
1.56
1.56
1.56
1.56
1.56
1.56
1.56
1.56
1.56
1.56
1.56
1.56
1.56
1.56
1.56
1.56
1.56
1.56
1.56
1.56
1.56
1.56
1.56
1.56
1.56
1.56
1.56
1.56
1.56
1.56
1.56
1.56
1.56
1.56
1.56
1.56
1.56
1.56
1.56
1.56
1.56
1.56
1.56
1.56
1.56
1.56
1.56
1.56
1.56
1.56
1.56
1.56
1.56
1.56
1.56
1.56
1.56
1.56
1.56
1.56
1.56
1.56
1.56
1.56
1.56
1.56
1.56
1.56
1.56
1.56
1.56
1.56
1.56
1.56
1.56
1.56
1.56
1.56
1.56
1.56
1.56
1.56
1.56
1.56
1.56
1.56
1.56
1.56
1.56
1.56
1.56
1.56
1.56
1.56
1.56
1.56
1.56
1.56
1.56
1.56
1.56
1.56
1.56
1.56
1.56
1.56
1.56
1.56
1.56
1.56
1.56
1.56
1.56
1.56
1.56
1.56
1.56
1.56
1.56
1.56
1.56
1.56
1.56
1.56
1.56
1.56
1.56
1.56
1.56
1.56
1.56
1.56
1.56
1.56
1.56
1.56
1.56
1.56
1.56
1.56
1.56
1.56
1.56
1.56
1.56
1.56
1.56
1.56
1.56
1.56
1.56
1.56
1.56
1.56
1.56
1.56
1.56
1.56
1.56
1.56
1.56
1.56
1.56
1.56
1.56
1.56
1.56
1.56
1.56
1.56
1.56
1.56
1.56
1.56
1.56
1.56
1.56
1.56
1.56
1.56
1.56
1.56
1.56
1.56
1.56
1.56
1.56
1.56
1.56
1.56
1.56
1.56
1.56
1.56
1.56
1.56
1.56
1.56
1.56
1.56
1.56
1.56
1.56
1.56
1.56
1.56
1.56
1.56
1.56
1.56
1.56
1.56
1.56
1.56
1.56
1.56
1.56
1.56
1.56
1.56
1.56
1.56
1.56
1.56
1.56
1.56
1.56
1.56
1.56
1.56
1.56
1.56
1.56
1.56
1.56
1.56
1.56
1.56
1.56
1.56
1.56
1.56
1.56
1.56
1.56
1.56
1.56
1.56
1.56
1.56
1.56
1.56
1.56
1.56
1.56
1.56
1.56
1.56
1.56
1.56
1.56
1.56
1.56
1.56
1.56
1.56
1.56
1.56
1.56
1.56
1.56
1.56
1.56
1.56
1.56
1.56
1.56
1.56
1.56
1.56
1.56
1.56
1.56
1.56
1.56
1.56
1.56
1.56
1.56
1.56
1.56
1.56
1.56
1.56
1.56
1.56
1.56
1.56
1.56
1.56
1.56
1.56
1.56
1.56
1.56
1.56
1.56
1.56
1.56
1.56
1.56
1.56
1.56
1.56
1.56
1.56
1.56
1.56
1.56
1.56
1.56
1.56
1.56
1.56
1.56
1.56
1.56
1.56
1.56
1.56
1.56
1.56
1.56
1.56
1.56
1.56
1.56
1.56
1.56
1.56
1.56
1.56
1.56
1.56
1.56
1.56
1.56
1.56
1.56
1.56
1.56
1.56
1.56
1.56
1.56
1.56
1.56
1.56
1.56
1.56
1.56
1.56
1.56
1.56
1.56
1.56
1.56
1.56
1.56
1.56
1.56
1.56
1.56
1.56
1.56
1.56
1.56
1.56
1.56
1.56
1.56
1.56
1.56
1.56
1.56
1.56
1.56
1.56
1.56
1.56
1.56
1.56
1.56
1.56
1.56
1.56
1.56
1.56
1.56
1.56
1.56
1.56
1.56
1.56
1.56
1.56
1.56
1.56
1.56
1.56
1.56
1.56
1.56
1.56
1.56
1.56
1.56
1.56
1.56
1.56
1.56
1.56
1.56
1.56
1.56
1.56
1.56
1.56
1.56
1.56
1.56
1.56
1.56
1.56
1.56
1.56
1.56
1.56
1.56
1.56
1.56
1.56
1.56
1.56
1.56
1.56
1.56
1.56
1.56
1.56
1.56
1.56
1.56
1.56
1.56
1.56
1.56
1.56
1.56
1.56
1.56
1.56
1.56
1.56
1.56
1.56
1.56
1.56
1.56
1.56
1.56
1.56
1.56
1.56
1.56
1.56
1.56
1.56
1.56
1.56
1.56
1.56
1.56
1.56
1.56
1.56
1.56
1.56
1.56
1.56
1.56
1.56
1.56
1.56
1.56
1.56
1.56
1.56
1.56
1.56
1.56
1.56
1.56
1.56
1.56
1.56
1.56
1.56
1.56
1.56
1.56
1.56
1.56
1.56
1.56
1.56
1.56
1.56
1.56
1.56
1.56
1.56
1.56
1.56
1.56
1.56
1.56
1.56
1.56
1.56
1.56
1.56
1.56
1.56
1.56
1.56
1.56
1.56
1.56
1.56
1.56
1.56
1.56
1.56
1.56
1.56
1.56
1.56
1.56
1.56
1.56
1.56
1.56
1.56
1.56
1.56
1.56
1.56
1.56
1.56
1.56
1.56
1.56
1.56
1.56
1.56
1.56
1.56
1.56
1.56
1.56
1.56
1.56
1.56
1.56
1.56
1.56
1.56
1.56
1.56
1.56
1.56
1.56
1.56
1.56
1.56
1.56
1.56
1.56
1.56
1.56
1.56
1.56
1.56
1.56
1.56
1.56
1.56
1.56
1.56
1.56
1.56
1.56
1.56
1.56
1.56
1.56
1.56
1.56
1.56
1.56
1.56
1.56
1.56
1.56
1.56
1.56
1.56
1.56
1.56
1.56
1.56
1.56
1.56
1.56
1.56
1.56
1.56
1.56
1.56
1.56
1.56
1.56
1.56
1.56
1.56
1.56
1.56
1.56
1.56
1.56
1.56
1.56
1.56
1.56
1.56
1.56
1.56
1.56
1.56
1.56
1.56
1.56
1.56
1.56
1.56
1.56
1.56
1.56
1.56
1.56
1.56
1.56
1.56
1.56
1.56
1.56
1.56
1.56
1.56
1.56
1.56
1.56
1.56
1.56
1.56
1.56
1.56
1.56
1.56
1.56
1.56
1.56
1.56
1.56
1.56
1.56
1.56
1.56
1.56
1.56
1.56
1.56
1.56
1.56
1.56
1.56
1.56
1.56
1.56
1.56
1.56
1.56
1.56
1.56
1.56
1.56
1.56
1.56
1.56
1.56
1.56
1.56
1.56
1.56
1.56
1.56
1.56
1.56
1.56
1.56
1.56
1.56
1.56
1.56
1.56
1.56
1.56
1.56
1.56
1.56
1.56
1.56
1.56
1.56
1.56
1.56
1.56
1.56
1.56
1.56
1.56
1.56
1.56
1.56
1.56
1.56
1.56
1.56
1.56
1.56
1.56
1.56
1.56
1.56
1.56
1.56
1.56
1.56
1.56
1.56
1.56
1.56
1.56
1.56
1.56
1.56
1.56
1.56
1.56
1.56
1.56
1.56
1.56
