0.70
0.71
0.67
0.54
0.50
0.45
0.35
0.37
0.29
0.29
0.20
0.15
0.10
0.05
0.01
-0.03
-0.07
-0.10
-0.13
-0.15
-0.21
-0.21
-0.26
-0.23
-0.31
-0.35
-0.30
-0.36
-0.28
-0.32
-0.25
-0.24
-0.20
-0.17
-0.08
-0.01
0.06
0.16
0.27
0.42
0.46
0.66
0.78
0.97
1.03
1.26
1.28
1.62
1.65
1.68
1.66
2.04
2.28
2.25
2.66
2.60
3.07
3.11
3.52
3.45
3.32
2.99
2.56
2.28
1.85
2.27
2.20
2.20
2.21
2.21
2.20
2.18
2.19
2.08
2.16
1.85
2.01
1.81
1.97
1.73
1.90
1.78
1.93
1.62
2.32
1.70
2.41
1.79
2.43
1.82
2.49
1.88
2.57
2.01
2.68
2.18
2.31
2.11
2.26
2.00
2.65
2.12
2.02
2.24
2.01
1.98
1.71
1.70
1.35
1.37
1.27
1.12
1.01
0.93
0.58
0.51
0.15
-0.06
0.09
-0.01
0.37
0.52
0.85
1.15
1.41
1.64
1.87
2.06
2.26
2.13
2.31
2.45
2.57
2.67
2.37
2.51
2.65
2.80
2.92
2.69
2.81
2.95
3.10
3.12
3.13
3.03
2.88
2.39
2.56
2.11
1.43
1.21
0.72
1.09
1.46
1.81
2.14
1.96
2.64
2.58
3.16
2.59
3.66
3.61
4.76
4.15
5.37
5.15
5.79
5.72
6.08
7.02
7.88
8.87
9.66
10.90
11.95
-6.75
-7.15
-5.54
-5.93
-4.67
-5.15
-3.79
-3.49
-4.16
-4.47
-3.96
-4.47
-4.40
-4.36
-3.88
-4.28
-3.10
-3.50
-3.78
-2.77
-3.14
-2.91
-3.23
-3.04
-3.36
-2.93
-3.26
-2.80
-3.13
-2.72
-3.04
-2.56
-2.88
-2.64
-2.93
-2.30
-2.63
-2.23
-2.54
-1.88
-2.20
-2.44
-1.81
-2.11
-1.86
-2.11
-1.62
-1.90
-2.12
-2.39
-2.08
-2.32
-1.98
-2.24
-2.09
-2.30
-1.88
-2.13
-2.31
-1.67
-1.91
-2.10
-1.81
-1.13
-2.60
-3.58
-2.91
-3.11
-2.45
-3.54
-4.09
-4.55
-4.34
-3.76
-2.56
-2.42
-2.37
-2.28
-2.13
-2.09
-1.79
-1.86
-1.80
-1.86
-1.47
-1.64
-1.38
-1.59
-1.21
-1.43
-1.61
-1.20
-2.27
-1.32
-1.71
-1.91
-1.97
-2.13
-2.04
-2.12
-1.66
-1.79
-1.77
-1.95
-1.57
-1.56
-1.84
-1.58
-1.73
-1.95
-1.74
-1.96
-1.81
-1.92
-1.69
-1.88
-1.87
-2.07
-1.75
-1.93
-2.00
-1.72
-1.97
-2.07
-1.70
-1.88
-1.96
-1.92
-2.07
-2.24
-2.04
-1.91
-1.30
-1.48
-1.66
-1.64
-1.77
-1.93
-2.30
-2.17
-1.45
-1.09
-1.28
-1.34
-1.50
-1.58
-1.73
-1.62
-1.76
-1.78
-1.54
-1.27
-1.35
-1.11
-1.17
-0.91
-1.08
-1.07
-1.24
-1.31
-1.25
-1.37
-1.46
-1.23
-1.28
-1.49
-1.24
-0.83
-0.88
-0.97
-1.02
-1.11
-1.19
-1.28
-1.33
-1.10
-1.25
-1.28
-1.20
-1.25
-1.01
-1.07
-1.07
-1.13
-1.15
-1.00
-0.91
-0.83
-0.80
-0.86
-0.90
-0.93
-0.94
-0.88
-0.91
-0.73
-0.85
-0.84
-0.85
-0.77
-0.82
-0.73
-0.82
-0.60
-0.69
-0.68
-0.57
-0.65
-0.63
-0.62
-0.40
-0.42
-0.40
-0.44
-0.36
-0.43
-0.37
-0.38
-0.33
-0.46
-0.37
-0.51
-0.34
-0.57
-0.33
-0.43
-0.23
-0.42
-0.24
-0.31
-0.18
-0.31
-0.17
-0.26
-0.14
-0.19
-0.11
-0.15
-0.07
-0.10
-0.04
-0.03
0.00
0.04
0.05
0.13
0.11
0.22
0.19
0.28
0.22
0.36
0.27
0.47
0.38
0.51
0.40
0.59
0.47
0.72
0.59
0.72
0.72
0.80
0.89
0.84
0.94
1.02
1.11
1.15
0.99
1.10
1.09
1.19
1.25
1.11
1.37
1.47
1.47
1.39
1.30
1.00
1.32
1.13
1.30
1.17
1.35
1.24
1.42
1.11
1.78
1.56
1.69
1.83
1.80
1.94
1.74
1.88
1.81
1.95
2.04
1.78
2.34
1.82
2.54
2.01
2.64
2.46
2.67
2.45
2.67
2.46
2.67
2.42
2.63
2.38
2.58
2.32
2.52
2.25
2.44
2.25
2.42
2.29
2.64
2.43
2.70
2.54
2.47
2.56
2.54
2.46
2.18
1.99
1.65
1.22
-0.12
-0.12
-0.13
-0.14
-0.14
-0.15
-0.12
-0.14
-0.15
-0.10
-0.12
-0.11
-0.13
-0.08
-0.09
-0.09
-0.08
-0.09
-0.05
-0.07
-0.08
-0.05
-0.06
-0.05
-0.06
-0.07
-0.07
-0.07
-0.08
-0.07
-0.08
-0.06
-0.07
-0.06
-0.07
-0.06
-0.07
-0.05
-0.05
-0.04
-0.05
-0.03
-0.04
-0.04
-0.03
-0.03
-0.03
-0.03
-0.03
-0.03
-0.04
-0.03
-0.03
-0.03
-0.02
-0.02
-0.02
-0.01
-0.02
-0.01
-0.01
-0.00
-0.01
-0.00
0.01
0.01
0.02
0.02
0.03
0.03
0.03
0.04
0.04
0.04
0.05
0.06
0.06
0.07
0.07
0.07
0.07
0.08
0.07
0.07
0.09
0.10
0.13
0.15
0.16
0.11
0.13
0.14
0.15
0.16
0.17
0.21
0.20
0.21
0.19
0.13
0.14
0.17
0.12
0.13
0.16
0.18
0.24
0.20
0.23
0.20
0.22
0.24
0.27
0.25
0.29
0.23
0.20
0.20
0.21
0.20
0.22
0.26
0.39
0.37
0.23
0.27
0.37
0.27
0.30
0.34
0.35
0.35
0.33
0.36
0.29
0.32
0.33
0.38
0.36
0.37
0.25
0.30
0.40
0.27
0.33
0.38
0.47
0.46
0.28
0.34
0.51
0.29
0.35
0.41
0.45
0.46
0.52
0.54
0.53
0.46
0.43
0.60
0.48
0.49
0.51
0.54
0.59
0.64
0.57
0.53
0.29
0.35
0.43
0.37
0.41
0.46
0.48
0.55
0.60
0.61
0.59
0.66
0.58
0.67
0.59
0.54
0.34
0.38
0.45
0.35
0.41
0.49
0.54
0.52
0.48
0.49
0.60
0.71
0.60
0.63
0.67
0.58
0.62
0.62
0.62
0.61
0.68
0.75
0.73
0.77
0.62
0.72
0.77
0.71
0.75
0.70
0.83
0.75
0.88
0.87
0.76
0.61
0.60
0.56
0.68
0.74
0.79
0.73
0.87
0.72
0.85
0.86
0.82
0.71
0.82
0.70
0.63
0.33
0.93
0.54
0.96
0.77
0.87
0.72
0.94
0.72
1.09
0.56
1.10
0.69
1.01
0.71
1.02
0.73
1.04
0.75
1.05
0.56
1.19
0.99
1.32
0.84
1.40
0.89
1.53
0.99
1.59
1.06
1.70
1.24
1.26
1.33
0.82
1.48
0.99
1.60
1.18
1.59
1.24
1.49
1.20
1.65
1.14
1.70
1.22
1.71
1.48
1.69
1.50
1.70
1.59
1.81
1.83
1.66
1.41
1.06
1.26
1.12
1.16
1.30
1.44
1.10
1.29
1.41
1.52
1.64
1.45
1.57
1.39
1.50
1.62
1.66
1.30
1.49
1.49
1.60
1.65
1.34
1.68
1.35
1.66
1.68
1.78
1.34
2.00
1.55
2.02
1.66
2.32
1.86
1.96
1.78
1.99
1.58
2.33
1.90
2.14
1.95
2.19
1.99
2.24
1.87
2.43
1.90
2.76
2.38
2.70
2.46
2.79
2.41
3.09
2.63
3.46
3.28
3.72
3.23
4.06
3.83
4.43
4.56
4.97
4.98
5.66
6.53
7.55
8.61
9.55
10.68
11.93
-7.38
-6.41
-5.40
-5.58
-4.80
-4.39
-4.64
-3.08
-3.40
-3.63
-2.56
-2.90
-2.47
-2.80
-1.66
-2.00
-2.33
-1.55
-1.89
-1.63
-1.93
-1.34
-1.67
-1.48
-1.76
-1.13
-1.45
-1.69
-1.92
-1.86
-2.11
-1.91
-2.21
-2.02
-2.32
-1.73
-2.02
-1.45
-1.71
-1.81
-1.66
-1.74
-1.75
-1.95
-1.73
-2.01
-1.27
-1.53
-1.73
-1.25
-1.51
-1.78
-2.13
-2.52
-2.08
-1.23
-0.61
-2.00
-2.97
-2.39
-2.25
-2.16
-2.18
-2.15
-2.08
-2.13
-1.82
-1.95
-2.05
-2.02
-1.88
-2.01
-1.60
-1.56
-1.37
-1.51
-1.53
-1.38
-1.14
-1.27
-1.51
-1.66
-1.74
-1.87
-1.84
-1.71
-1.08
-1.28
-1.55
-1.07
-1.42
-1.53
-1.61
-1.70
-1.65
-1.80
-1.82
-1.98
-1.75
-1.29
-1.57
-1.20
-1.41
-1.61
-1.69
-1.64
-1.79
-1.69
-1.83
-1.30
-1.11
-1.36
-1.03
-1.25
-1.24
-1.32
-1.53
-1.52
-1.54
-1.61
-1.11
-0.94
-0.99
-1.22
-1.42
-1.32
-1.54
-1.98
-1.26
-1.13
-1.09
-0.91
-1.06
-1.23
-1.36
-1.08
-1.26
-1.31
-1.04
-1.21
-1.13
-1.23
-1.34
-1.29
-1.30
-1.22
-1.31
-0.98
-1.17
-1.31
-1.08
-1.17
-1.27
-1.17
-1.24
-1.02
-1.21
-0.98
-1.15
-0.94
-1.03
-0.95
-0.86
-0.57
-0.73
-0.89
-0.98
-0.88
-0.89
-0.62
-0.74
-0.86
-0.58
-0.70
-0.80
-0.90
-1.01
-1.23
-1.02
-0.71
-0.82
-0.77
-0.91
-0.82
-0.78
-0.74
-0.80
-0.64
-0.68
-0.76
-0.77
-0.97
-0.91
-0.60
-0.69
-0.73
-0.59
-0.63
-0.63
-0.49
-0.57
-0.60
-0.57
-0.58
-0.57
-0.43
-0.52
-0.51
-0.53
-0.54
-0.52
-0.42
-0.43
-0.44
-0.39
-0.40
-0.34
-0.48
-0.39
-0.54
-0.42
-0.58
-0.39
-0.65
-0.36
-0.54
-0.35
-0.47
-0.33
-0.43
-0.30
-0.39
-0.25
-0.37
-0.19
-0.34
-0.19
-0.31
-0.19
-0.21
-0.13
-0.16
-0.09
-0.12
-0.06
-0.06
-0.02
0.01
0.03
0.09
0.09
0.17
0.14
0.22
0.16
0.29
0.22
0.39
0.32
0.40
0.44
0.49
0.42
0.53
0.46
0.55
0.59
0.66
0.54
0.84
0.64
0.80
0.74
0.81
0.89
0.81
1.03
1.11
1.12
0.93
1.01
0.97
1.07
1.09
1.06
1.15
0.91
1.44
1.17
1.33
1.14
1.51
1.31
1.48
1.26
1.65
1.38
1.78
1.50
1.82
1.43
1.79
1.38
1.94
1.68
1.81
1.94
1.94
1.64
1.87
1.66
1.95
1.98
2.10
1.58
2.31
1.81
2.55
2.02
2.72
2.30
2.52
2.28
2.49
2.25
2.46
2.20
2.41
2.15
2.35
1.94
2.57
2.34
2.79
2.47
2.62
2.24
2.33
2.49
2.66
2.55
2.51
2.31
2.10
1.74
1.28
-0.27
-0.24
-0.20
-0.19
-0.18
-0.17
-0.14
-0.15
-0.11
-0.12
-0.12
-0.08
-0.09
-0.09
-0.06
-0.06
-0.07
-0.04
-0.05
-0.05
-0.05
-0.03
-0.04
-0.03
-0.04
-0.02
-0.03
-0.03
-0.02
-0.02
-0.03
-0.03
-0.03
-0.03
-0.02
-0.03
-0.02
-0.02
-0.01
-0.01
-0.01
-0.01
-0.00
-0.00
0.00
0.01
0.01
0.01
0.01
0.01
0.02
0.02
0.03
0.04
0.04
0.03
0.06
0.06
0.08
0.13
0.12
0.12
0.11
0.18
0.23
0.21
0.21
0.20
0.20
0.19
0.20
0.17
0.19
0.14
0.16
0.16
0.17
0.13
0.15
0.19
0.16
0.24
0.28
0.34
0.28
0.25
0.26
0.26
0.26
0.27
0.27
0.29
0.27
0.29
0.29
0.32
0.29
0.33
0.25
0.31
0.30
0.35
0.29
0.34
0.28
0.29
0.33
0.28
0.37
0.49
0.48
0.47
0.51
0.54
0.49
0.56
0.52
0.57
0.56
0.45
0.52
0.57
0.51
0.55
0.53
0.57
0.58
0.50
0.45
0.51
0.64
0.53
0.23
0.30
0.38
0.34
0.39
0.44
0.51
0.60
0.69
0.66
0.53
0.57
0.63
0.51
0.54
0.49
0.60
0.68
0.67
0.74
0.67
0.95
0.78
0.81
0.68
0.75
0.67
0.78
0.84
0.83
0.89
0.79
0.97
1.02
1.06
0.86
0.91
0.94
0.85
0.88
0.93
0.96
0.92
1.04
0.71
0.74
1.14
0.83
0.96
0.94
0.76
0.87
0.78
0.89
0.73
0.85
0.77
0.89
0.74
0.87
0.76
0.90
0.77
0.90
0.83
0.97
0.75
1.20
0.66
1.11
0.58
1.14
0.73
1.06
0.75
1.07
0.77
1.09
0.79
1.10
0.61
1.25
0.89
1.46
0.92
1.57
1.03
1.63
1.08
1.73
1.26
1.45
1.00
1.59
1.08
1.71
1.28
1.59
1.06
1.70
1.22
1.82
1.26
1.19
1.27
1.32
1.26
1.37
1.33
1.44
1.20
1.40
1.29
1.38
1.44
1.24
1.57
1.65
1.65
1.26
1.37
1.21
1.29
1.16
1.36
0.99
1.33
0.97
1.32
0.92
1.36
1.27
1.41
1.54
1.39
1.52
1.42
1.55
1.68
1.40
