0.58
0.47
0.46
0.43
0.42
0.39
0.38
0.34
0.33
0.29
0.27
0.23
0.21
0.17
0.14
0.11
0.08
0.05
0.02
-0.01
-0.03
-0.04
-0.05
-0.05
-0.06
-0.06
-0.06
-0.06
-0.05
0.00
0.15
0.37
0.53
0.66
0.85
1.00
1.10
1.18
1.23
1.28
1.30
1.33
1.33
1.35
1.34
1.27
1.21
1.18
1.17
1.14
1.10
1.09
0.98
1.01
0.96
1.07
1.01
1.09
1.39
1.25
1.65
1.32
1.66
1.34
1.71
1.49
1.82
1.57
1.64
1.55
1.50
1.41
1.20
1.21
0.89
0.89
0.57
0.63
0.47
0.61
0.32
0.17
0.01
0.20
0.51
0.68
0.82
1.00
1.11
1.22
1.30
1.37
1.42
1.46
1.49
1.51
1.53
1.56
1.59
1.62
1.65
1.67
1.69
1.71
1.72
1.66
1.57
1.53
1.51
1.51
1.52
1.54
1.57
1.58
1.60
1.61
1.63
1.63
1.62
1.58
1.57
1.53
1.55
1.54
1.64
1.56
1.79
1.62
1.96
1.72
2.04
1.85
2.04
1.87
2.07
1.87
2.13
1.93
2.15
1.97
2.17
1.98
2.20
2.01
2.22
2.04
2.23
2.05
2.24
2.06
2.26
2.08
2.27
2.09
2.27
2.08
2.28
2.03
2.33
1.97
2.37
1.94
2.40
1.91
2.42
1.88
2.44
1.85
2.44
1.82
2.40
1.77
2.36
1.71
2.33
1.69
1.96
1.47
1.94
1.40
2.00
1.49
1.72
1.29
1.66
1.20
1.76
1.25
1.54
1.08
1.52
1.06
1.42
1.00
1.36
1.01
1.29
1.03
1.23
1.01
1.16
0.99
1.09
0.96
1.02
0.93
0.95
0.89
0.90
0.85
0.85
0.80
0.79
0.74
0.74
0.70
0.69
0.65
0.65
0.61
0.60
0.57
0.56
0.53
0.53
0.50
0.48
0.42
0.37
0.32
0.33
0.34
0.35
0.36
-0.40
-0.16
-0.41
-0.50
-0.66
-0.67
-0.78
-0.74
-0.80
-0.82
-0.82
-0.80
-0.76
-0.72
-0.66
-0.60
-0.53
-0.44
-0.37
-0.29
-0.22
-0.15
-0.09
-0.03
0.03
0.08
0.13
0.19
0.25
0.30
0.35
0.40
0.46
0.50
0.54
0.61
0.61
0.69
0.72
0.76
0.80
0.78
0.86
0.83
0.90
0.84
0.91
0.87
0.93
0.89
0.96
0.88
0.95
0.91
0.95
0.92
0.98
0.90
0.96
0.91
0.97
0.93
0.91
0.96
0.92
0.92
0.93
0.92
0.92
0.86
0.90
0.87
0.86
0.86
0.80
0.83
0.79
0.81
0.73
0.75
0.71
0.71
0.68
0.67
0.61
0.66
0.57
0.60
0.49
0.55
0.42
0.48
0.35
0.38
0.27
0.28
0.17
0.16
0.08
0.03
-0.03
-0.10
-0.13
-0.24
-0.24
-0.38
-0.35
-0.53
-0.46
-0.67
-0.56
-0.81
-0.67
-0.95
-0.78
-1.09
-0.88
-1.22
-0.98
-1.37
-1.08
-1.50
-1.18
-1.65
-1.28
-1.77
-1.37
-1.91
-1.46
-2.02
-1.55
-2.16
-1.64
-2.28
-1.72
-2.39
-1.80
-2.53
-1.90
-2.64
-1.98
-2.76
-2.07
-2.88
-2.16
-2.96
-2.22
-3.07
-2.30
-3.18
-2.39
-3.22
-2.42
-3.33
-2.49
-3.40
-2.56
-3.35
-2.69
-3.20
-2.63
-3.20
-2.64
-3.18
-2.63
-3.15
-2.61
-3.34
-2.52
-3.15
-2.37
-3.13
-2.33
-2.97
-2.23
-2.88
-2.18
-2.64
-1.97
-2.49
-1.84
-2.38
-1.75
-2.01
-1.48
-2.00
-1.45
-1.74
-1.35
-1.45
-1.18
-1.16
-0.95
-0.79
-0.67
-0.52
-0.41
-0.35
-0.21
-0.09
0.03
0.16
0.27
0.37
0.53
0.62
0.72
0.85
0.91
0.99
1.25
1.35
1.35
1.39
-0.02
-0.02
-0.03
-0.03
-0.04
-0.04
-0.04
-0.03
-0.03
-0.02
-0.01
0.00
0.02
0.04
0.06
0.08
0.10
0.13
0.15
0.18
0.20
0.23
0.25
0.30
0.33
0.37
0.38
0.43
0.43
0.49
0.48
0.54
0.54
0.59
0.57
0.64
0.62
0.69
0.67
0.74
0.73
0.78
0.76
0.84
0.83
0.85
0.92
0.88
0.97
0.97
1.00
1.05
1.02
1.11
1.08
1.17
1.16
1.24
1.21
1.31
1.33
1.33
1.43
1.35
1.46
1.52
1.48
1.58
1.61
1.61
1.72
1.63
1.89
1.81
1.93
1.84
2.18
1.89
2.35
2.00
2.49
2.07
2.63
2.16
2.74
2.22
2.82
2.28
2.89
2.32
2.96
2.36
3.01
2.39
3.04
2.41
3.07
2.42
3.10
2.43
3.11
2.44
3.11
2.43
3.11
2.43
3.09
2.41
3.11
2.41
3.08
2.39
3.09
2.37
3.05
2.34
3.04
2.32
3.02
2.30
2.98
2.27
2.97
2.25
2.94
2.23
2.91
2.20
2.88
2.18
2.82
2.13
2.78
2.09
2.74
2.06
2.66
2.00
2.63
1.99
2.26
1.78
2.13
1.61
2.27
1.77
2.07
1.70
1.98
1.64
1.89
1.49
1.81
1.37
1.85
1.39
1.66
1.26
1.49
1.13
1.50
1.16
1.31
0.99
1.28
1.00
1.11
0.95
1.13
0.95
0.93
0.87
0.91
0.82
0.71
0.69
0.72
0.70
0.64
0.60
0.55
0.53
0.54
0.49
0.46
0.44
0.45
0.41
0.40
0.44
0.40
0.35
0.36
0.40
0.04
0.19
-0.24
-0.44
-0.73
-0.79
-0.96
-0.95
-1.01
-0.93
-0.96
-0.94
-0.89
-0.82
-0.73
-0.62
-0.49
-0.38
-0.26
-0.15
-0.05
0.05
0.15
0.24
0.32
0.40
0.46
0.54
0.62
0.65
0.72
0.74
0.80
0.79
0.87
0.87
0.92
0.89
0.97
0.95
0.96
1.02
0.94
1.02
1.01
1.02
1.05
1.04
1.07
1.00
1.07
1.05
1.09
1.08
1.04
1.09
1.00
1.05
1.06
1.00
1.03
1.03
1.03
0.96
0.98
0.96
0.92
0.91
0.90
0.84
0.87
0.77
0.84
0.72
0.79
0.64
0.72
0.56
0.62
0.46
0.50
0.35
0.36
0.22
0.20
0.09
0.03
-0.05
-0.15
-0.19
-0.33
-0.34
-0.51
-0.48
-0.70
-0.63
-0.89
-0.78
-1.07
-0.92
-1.25
-1.07
-1.43
-1.21
-1.61
-1.34
-1.79
-1.48
-1.95
-1.61
-2.12
-1.73
-2.28
-1.85
-2.44
-1.97
-2.60
-2.08
-2.75
-2.19
-2.90
-2.30
-3.05
-2.41
-3.19
-2.52
-3.33
-2.62
-3.44
-2.70
-3.55
-2.78
-3.65
-2.86
-3.73
-2.90
-3.70
-3.08
-3.57
-3.00
-3.57
-3.00
-3.55
-2.99
-3.51
-2.96
-3.45
-2.91
-3.36
-2.61
-3.45
-2.64
-3.41
-2.59
-3.15
-2.39
-2.80
-2.17
-2.55
-2.02
-2.15
-1.80
-1.91
-1.59
-1.59
-1.37
-1.24
-1.09
-1.04
-0.89
-0.70
-0.54
-0.41
-0.25
-0.11
0.03
0.15
0.29
0.41
0.52
0.61
0.73
0.96
1.06
1.06
1.16
1.46
1.54
0.02
0.03
-0.00
-0.02
-0.04
-0.05
-0.07
-0.07
-0.08
-0.08
-0.08
-0.08
-0.07
-0.05
-0.04
-0.02
0.01
0.03
0.06
0.09
0.11
0.14
0.17
0.20
0.22
0.25
0.29
0.32
0.33
0.36
0.39
0.41
0.43
0.47
0.49
0.50
0.54
0.56
0.58
0.62
0.61
0.68
0.67
0.73
0.71
0.78
0.78
0.86
0.80
0.88
0.91
0.94
1.00
1.03
1.08
1.05
1.13
1.16
1.19
1.26
1.22
1.32
1.28
1.38
1.42
1.49
1.48
1.58
1.52
1.64
1.70
1.67
1.75
1.84
1.89
1.87
2.07
2.04
2.17
2.12
2.43
2.10
2.66
2.24
2.80
2.33
2.91
2.40
3.00
2.46
3.07
2.51
3.13
2.55
3.18
2.58
3.22
2.60
3.25
2.62
3.27
2.63
3.28
2.63
3.28
2.62
3.28
2.61
3.27
2.59
3.25
2.57
3.23
2.54
3.20
2.52
3.18
2.49
3.14
2.46
3.11
2.43
3.09
2.41
3.06
2.38
3.03
2.34
3.00
2.31
2.94
2.27
2.88
2.21
2.83
2.17
2.75
2.12
2.39
1.91
2.43
1.96
2.29
1.89
2.19
1.82
2.10
1.66
2.02
1.54
2.05
1.56
1.78
1.37
1.66
1.27
1.52
1.16
1.49
1.14
1.29
1.05
1.32
1.05
1.19
1.03
1.11
0.99
0.92
0.89
0.68
0.64
0.52
0.49
0.39
0.38
0.30
0.28
0.27
0.27
0.30
0.30
0.31
0.28
0.25
0.22
0.20
0.23
0.25
0.27
0.25
0.25
0.27
-0.20
-0.26
-0.55
-0.70
-0.66
-0.59
-0.51
-0.42
-0.31
-0.18
-0.03
0.13
0.29
0.46
0.63
0.79
0.96
1.12
1.27
1.41
1.52
1.65
1.70
1.78
1.80
1.86
1.84
1.89
1.86
1.90
1.84
1.88
1.81
1.85
1.77
1.81
1.73
1.77
1.72
1.82
1.86
1.70
1.78
1.66
1.73
1.65
1.59
1.64
1.45
1.53
1.49
1.41
1.46
1.30
1.34
1.30
1.29
1.18
1.18
1.16
1.06
1.08
0.97
0.96
0.90
0.90
0.84
0.77
0.74
0.67
0.70
0.53
0.59
0.42
0.44
0.29
0.27
0.14
0.08
-0.01
-0.12
-0.17
-0.32
-0.33
-0.53
-0.48
-0.73
-0.64
-0.95
-0.79
-1.14
-0.94
-1.35
-1.08
-1.54
-1.22
-1.74
-1.35
-1.92
-1.48
-2.10
-1.60
-2.27
-1.71
-2.44
-1.81
-2.59
-1.89
-2.75
-2.02
-2.91
-2.16
-3.09
-2.31
-3.00
-2.31
-3.29
-2.50
-3.15
-2.40
-3.56
-2.68
-3.31
-2.49
-3.67
-2.88
-3.43
-2.57
-3.76
-3.00
-3.82
-2.92
-3.79
-2.90
-3.89
-3.02
-3.50
-2.66
-3.80
-2.88
-3.58
-2.73
-3.79
-2.94
-3.32
-2.54
-3.49
-2.67
-3.34
-2.74
-3.12
-2.55
-2.88
-2.34
-2.58
-2.07
-2.22
-1.80
-1.84
-1.50
-1.50
-1.20
-1.12
-0.88
-0.68
-0.47
-0.27
-0.11
0.04
0.16
0.24
0.32
0.37
0.43
0.63
0.79
1.01
0.24
0.29
0.44
0.55
0.65
0.74
0.82
0.89
0.97
1.04
1.11
1.19
1.33
1.45
1.58
1.63
1.73
1.79
1.89
1.93
2.01
2.01
2.07
2.06
2.12
2.10
2.16
2.12
2.18
2.15
2.21
2.16
2.23
2.18
2.29
2.42
2.37
2.35
2.35
2.49
2.48
2.42
2.46
2.42
2.48
2.62
2.44
2.66
2.42
2.87
2.49
3.03
2.60
3.09
2.59
3.19
2.62
3.21
2.62
3.23
2.60
3.23
2.56
3.22
2.52
3.18
2.46
3.14
2.40
3.05
2.33
3.03
2.26
2.96
2.18
2.91
2.12
2.83
2.06
2.75
2.02
2.69
2.00
2.62
1.95
2.42
1.91
2.30
1.85
2.22
1.78
2.11
1.65
2.03
1.53
2.06
1.55
1.84
1.35
1.78
1.32
1.72
1.28
1.61
1.20
1.51
1.13
1.42
1.06
1.33
0.99
1.24
0.93
1.15
0.92
0.95
0.85
0.84
0.78
0.74
0.70
0.64
0.60
0.52
0.50
0.41
0.40
0.44
0.45
0.41
0.40
0.40
0.35
0.35
0.34
0.33
0.32
0.31
0.30
0.28
0.27
0.31
0.29
0.27
0.27
0.08
0.11
0.17
0.25
0.34
0.45
0.55
0.66
0.77
0.91
1.07
1.21
1.36
1.50
1.63
1.76
1.87
1.92
2.01
2.05
2.11
2.13
2.18
2.19
2.21
2.21
2.21
2.19
2.16
2.10
2.04
1.97
1.90
1.82
1.76
1.67
1.60
1.52
1.44
1.36
1.29
1.20
1.13
1.04
0.97
0.88
0.81
0.72
0.65
0.56
0.51
0.42
0.35
0.24
0.12
0.03
-0.07
-0.21
-0.29
-0.48
-0.50
-0.75
-0.72
-1.02
-0.94
-1.30
-1.15
-1.57
-1.35
-1.82
-1.54
-2.07
-1.72
-2.32
-1.89
-2.55
-2.04
-2.78
-2.18
-2.97
-2.30
-3.15
-2.42
-3.32
-2.56
-3.51
-2.75
-3.73
-2.92
-3.54
-2.83
-3.70
-3.02
-3.75
-3.07
-4.01
-3.20
-4.02
-3.19
-3.95
-3.11
-4.28
-3.35
-4.14
-3.17
-4.12
-3.18
-4.18
-3.23
-4.12
-3.18
-4.05
-3.13
-3.96
-3.06
-3.84
-3.04
-3.34
-2.91
-3.15
-2.82
-2.76
-2.58
-2.41
-2.26
-1.97
-1.89
-1.55
-1.47
-1.56
-1.51
-1.42
-1.17
-1.03
-0.94
-0.81
-0.66
-0.53
-0.42
-0.28
-0.16
-0.04
0.06
0.21
0.36
0.47
0.55
0.66
0.79
1.06
0.18
0.20
0.27
0.31
0.38
0.42
0.49
0.53
0.59
0.63
0.69
0.78
0.87
0.96
1.06
1.16
1.25
1.31
1.40
1.47
1.56
1.63
1.72
1.78
1.87
1.94
2.02
2.06
2.12
2.15
2.20
2.21
2.26
2.27
2.31
2.32
2.36
2.37
2.41
2.41
2.45
2.45
2.49
2.49
2.53
2.53
2.70
2.80
2.63
2.90
2.75
2.95
2.73
3.23
2.85
3.31
2.84
3.45
2.90
3.48
2.91
3.51
2.90
3.52
2.87
3.50
2.83
3.46
2.77
3.40
2.71
3.38
2.64
3.30
2.56
3.24
2.47
3.17
2.38
3.09
2.32
3.00
2.26
2.92
2.23
2.79
2.17
2.55
2.06
2.40
1.90
2.41
1.90
2.22
1.73
2.12
1.64
2.09
1.59
1.89
1.43
1.85
1.39
1.72
1.30
1.62
1.23
1.51
1.14
1.40
1.07
1.25
1.00
1.12
0.96
0.97
0.88
0.85
0.79
0.71
0.69
0.63
0.59
0.61
0.59
0.59
0.52
0.46
0.44
0.41
0.39
0.39
0.37
0.34
0.33
0.32
0.31
0.30
0.29
0.31
0.29
0.28
0.27
-0.01
-0.01
0.01
0.05
0.11
0.20
0.31
0.43
0.58
0.75
0.93
1.10
1.28
1.46
1.62
1.73
1.86
1.95
2.06
2.13
2.21
2.25
2.28
2.27
2.26
2.22
2.20
2.14
2.11
2.05
2.01
1.93
1.89
1.81
1.77
1.69
1.64
1.55
1.50
1.42
1.39
1.38
1.31
1.16
1.12
1.02
0.98
0.83
0.78
0.67
0.61
0.48
0.41
0.29
0.22
0.09
-0.01
-0.12
-0.28
-0.36
-0.57
-0.60
-0.87
-0.85
-1.17
-1.10
-1.47
-1.33
-1.76
-1.56
-2.05
-1.77
-2.31
-1.97
-2.58
-2.15
-2.83
-2.33
-3.07
-2.49
-3.31
-2.65
-3.53
-2.79
-3.77
-3.01
-3.94
-3.13
-3.75
-3.05
-4.04
-3.35
-4.08
-3.44
-4.18
-3.53
-4.25
-3.59
-4.24
-3.47
-4.59
-3.59
-4.32
-3.33
-4.33
-3.37
-4.37
-3.40
-4.24
-3.30
-4.12
-3.21
-3.98
-3.10
-3.66
-3.08
-3.21
-2.95
-2.87
-2.70
-2.49
-2.35
-2.00
-1.90
-1.63
-1.51
-1.56
-1.48
-1.41
-1.18
-0.97
-0.79
-0.66
-0.53
-0.41
-0.28
-0.14
-0.01
0.12
0.24
0.36
0.48
0.59
0.70
0.88
0.05
0.09
0.15
0.20
0.26
0.30
0.37
0.41
0.47
0.55
0.63
0.72
0.81
0.90
1.00
1.10
1.17
1.28
1.36
1.45
1.50
1.58
1.62
1.69
1.71
1.78
1.79
1.86
1.87
1.93
1.94
2.00
2.00
2.07
2.06
2.13
2.12
2.19
2.18
2.25
2.29
2.45
2.47
2.43
2.58
2.60
2.56
2.63
2.65
2.79
2.64
2.78
2.66
2.95
2.70
3.21
2.84
3.35
2.91
3.47
2.96
3.53
2.98
3.57
2.98
3.58
2.97
3.57
2.93
3.55
2.87
3.50
2.81
3.43
2.74
3.37
2.66
3.31
2.59
3.25
2.52
3.17
2.44
3.11
2.39
3.03
2.34
2.71
2.17
2.63
2.11
2.49
1.96
2.38
1.86
2.29
1.80
2.10
1.65
1.99
1.55
1.96
1.49
1.81
1.37
1.70
1.29
1.60
1.22
1.49
1.13
1.38
1.05
1.28
1.02
1.08
0.95
0.98
0.88
0.80
0.78
0.68
0.66
0.55
0.53
0.54
0.51
0.50
0.47
0.45
0.42
0.39
0.38
0.36
0.35
0.33
0.32
0.31
0.30
0.29
0.29
0.28
0.28
0.27
-0.00
-0.03
-0.06
-0.05
-0.01
0.06
0.16
0.29
0.43
0.60
0.79
0.98
1.18
1.38
1.57
1.74
1.86
2.00
2.10
2.21
2.23
2.29
2.28
2.30
2.26
2.26
2.20
2.19
2.12
2.10
2.02
1.99
1.90
1.88
1.79
1.76
1.66
1.63
1.53
1.49
1.40
1.41
1.37
1.20
1.19
1.07
0.99
0.91
0.85
0.70
0.63
0.52
0.45
0.32
0.23
0.11
-0.00
-0.12
-0.28
-0.37
-0.58
-0.63
-0.89
-0.89
-1.21
-1.14
-1.52
-1.39
-1.83
-1.63
-2.12
-1.86
-2.41
-2.07
-2.69
-2.28
-2.96
-2.47
-3.22
-2.65
-3.47
-2.82
-3.71
-2.99
-3.96
-3.20
-4.10
-3.36
-4.06
-3.45
-4.14
-3.51
-4.29
-3.47
-4.48
-3.65
-4.35
-3.59
-4.50
-3.70
-4.27
-3.44
-4.45
-3.54
-4.14
-3.27
-4.32
-3.37
-4.10
-3.19
-4.00
-3.12
-3.85
-3.14
-3.36
-3.04
-3.14
-2.84
-2.65
-2.54
-2.39
-2.19
-1.86
-1.71
-1.71
-1.52
-1.35
-1.19
-1.04
-0.89
-0.74
-0.59
-0.45
-0.31
-0.17
-0.04
0.09
0.22
0.35
0.49
0.57
0.71
0.81
0.00
0.04
0.11
0.16
0.21
0.25
0.31
0.36
0.42
0.49
0.57
0.65
0.74
0.84
0.94
1.03
1.11
1.22
1.29
1.38
1.43
1.51
1.55
1.62
1.66
1.72
1.74
1.81
1.82
1.88
1.89
1.95
1.95
2.02
2.02
2.08
2.08
2.15
2.30
2.33
2.39
2.34
2.51
2.42
2.53
2.45
2.57
2.57
2.73
2.59
2.73
2.64
2.88
2.79
2.96
2.81
3.21
2.86
3.42
2.97
3.53
3.02
3.59
3.04
3.62
3.04
3.62
3.02
3.62
2.98
3.58
2.93
3.55
2.86
3.49
2.78
3.43
2.71
3.36
2.63
3.28
2.54
3.21
2.46
3.13
2.41
3.03
2.34
2.66
2.12
2.62
2.06
2.53
2.05
2.38
1.95
2.25
1.82
2.19
1.74
2.00
1.56
1.93
1.48
1.72
1.32
1.67
1.27
1.52
1.16
1.42
1.08
1.32
1.04
1.21
1.00
1.01
0.92
0.86
0.82
0.73
0.70
0.59
0.56
0.51
0.49
0.52
0.51
0.52
0.47
0.42
0.38
0.34
0.34
0.35
0.34
0.33
0.32
0.29
0.29
0.29
0.29
0.29
0.02
-0.02
-0.10
-0.12
-0.11
-0.05
0.04
0.15
0.29
0.44
0.62
0.82
1.03
1.24
1.45
1.65
1.83
1.96
2.10
2.15
2.24
2.25
2.30
2.27
2.30
2.25
2.26
2.19
2.18
2.10
2.08
1.99
1.97
1.88
1.86
1.76
1.74
1.64
1.61
1.51
1.50
1.50
1.39
1.29
1.21
1.14
1.08
0.94
0.88
0.77
0.71
0.57
0.49
0.38
0.30
0.17
0.07
-0.06
-0.21
-0.30
-0.51
-0.57
-0.82
-0.83
-1.14
-1.09
-1.46
-1.35
-1.78
-1.59
-2.08
-1.83
-2.38
-2.05
-2.66
-2.27
-2.92
-2.46
-3.19
-2.66
-3.47
-2.85
-3.70
-3.02
-3.99
-3.26
-3.98
-3.36
-4.11
-3.50
-4.25
-3.63
-4.30
-3.66
-4.40
-3.57
-4.70
-3.75
-4.55
-3.61
-4.57
-3.65
-4.38
-3.51
-4.28
-3.41
-4.05
-3.21
-4.19
-3.28
-3.94
-3.12
-3.80
-3.12
-3.62
-3.11
-3.01
-2.87
-2.80
-2.56
-2.15
-2.06
-1.87
-1.72
-1.71
-1.57
-1.30
-1.15
-1.00
-0.85
-0.69
-0.57
-0.41
-0.27
-0.14
-0.00
0.13
0.26
0.38
0.53
0.65
0.79
0.85
0.02
0.06
0.12
0.16
0.21
0.25
0.30
0.35
0.41
0.48
0.55
0.64
0.73
0.82
0.92
1.01
1.10
1.19
1.28
1.35
1.42
1.48
1.54
1.60
1.65
1.69
1.74
1.78
1.81
1.85
1.89
1.92
1.95
1.99
2.02
2.09
2.24
2.23
2.24
2.31
2.40
2.32
2.49
2.37
2.54
2.46
2.62
2.52
2.68
2.61
2.76
2.67
2.85
2.91
2.86
3.03
2.89
3.28
2.92
3.50
3.03
3.59
3.07
3.63
3.08
3.65
3.07
3.65
3.04
3.63
3.00
3.58
2.94
3.55
2.88
3.49
2.81
3.42
2.73
3.36
2.65
3.28
2.57
3.20
2.49
3.15
2.46
2.74
2.16
2.68
2.11
2.59
2.10
2.45
2.01
2.33
1.92
2.18
1.72
2.18
1.67
1.94
1.50
1.90
1.45
1.67
1.29
1.57
1.21
1.37
1.07
1.34
1.04
1.15
0.99
1.09
0.93
0.91
0.86
0.80
0.75
0.68
0.64
0.62
0.57
0.54
0.51
0.46
0.45
0.41
0.40
0.37
0.37
0.34
0.34
0.32
0.31
0.30
0.31
0.29
0.29
0.29
0.06
-0.00
-0.13
-0.19
-0.21
-0.17
-0.11
0.00
0.14
0.28
0.46
0.66
0.88
1.09
1.31
1.52
1.71
1.85
2.00
2.07
2.17
2.19
2.25
2.24
2.27
2.23
2.25
2.18
2.18
2.10
2.09
2.01
1.99
1.91
1.89
1.80
1.78
1.68
1.66
1.68
1.60
1.56
1.41
1.39
1.27
1.26
1.10
1.06
0.93
0.89
0.77
0.71
0.58
0.52
0.42
0.30
0.20
0.08
-0.04
-0.15
-0.33
-0.41
-0.64
-0.68
-0.96
-0.94
-1.28
-1.21
-1.59
-1.46
-1.91
-1.71
-2.21
-1.94
-2.51
-2.16
-2.79
-2.37
-3.06
-2.57
-3.33
-2.76
-3.58
-2.93
-3.83
-3.11
-4.10
-3.35
-3.87
-3.20
-4.11
-3.38
-4.21
-3.51
-4.25
-3.47
-4.32
-3.50
-4.39
-3.55
-4.40
-3.61
-4.25
-3.41
-4.19
-3.33
-4.34
-3.43
-4.16
-3.23
-4.05
-3.16
-3.97
-3.19
-3.80
-3.21
-3.58
-3.13
-3.32
-2.96
-2.66
-2.57
-2.22
-2.09
-1.72
-1.61
-1.37
-1.25
-1.27
-1.17
-0.98
-0.79
-0.62
-0.52
-0.38
-0.26
-0.12
0.01
0.14
0.27
0.40
0.50
0.62
0.79
0.82
0.01
0.05
0.10
0.14
0.19
0.23
0.28
0.32
0.37
0.44
0.51
0.59
0.68
0.76
0.86
0.93
1.02
1.10
1.20
1.28
1.39
1.46
1.54
1.59
1.66
1.70
1.76
1.79
1.85
1.87
1.93
1.95
2.01
2.02
2.08
2.09
2.25
2.30
2.25
2.41
2.33
2.45
2.52
2.46
2.56
2.65
2.57
2.68
2.62
2.78
2.66
2.79
2.72
3.03
2.87
3.16
2.86
3.39
2.98
3.52
3.05
3.61
3.08
3.65
3.09
3.67
3.08
3.66
3.04
3.64
2.99
3.60
2.94
3.54
2.87
3.49
2.80
3.43
2.72
3.35
2.64
3.28
2.56
3.21
2.49
3.14
2.46
2.73
2.20
2.76
2.24
2.61
2.15
2.49
2.06
2.34
1.93
2.24
1.75
2.21
1.70
1.87
1.44
1.87
1.43
1.72
1.32
1.61
1.25
1.40
1.13
1.24
1.03
1.17
0.99
0.98
0.91
0.88
0.81
0.76
0.71
0.66
0.62
0.57
0.54
0.53
0.48
0.46
0.43
0.41
0.39
0.37
0.35
0.34
0.33
0.32
0.31
0.31
0.29
0.29
0.29
0.12
0.04
-0.13
-0.21
-0.27
-0.25
-0.21
-0.11
0.02
0.16
0.33
0.53
0.74
0.96
1.18
1.40
1.60
1.75
1.92
2.00
2.11
2.14
2.21
2.21
2.25
2.21
2.24
2.18
2.18
2.11
2.10
2.02
2.01
1.92
1.91
1.82
1.80
1.71
1.76
1.73
1.57
1.59
1.46
1.43
1.39
1.32
1.19
1.13
1.01
0.95
0.84
0.77
0.70
0.57
0.50
0.38
0.31
0.17
0.07
-0.05
-0.20
-0.30
-0.50
-0.56
-0.82
-0.82
-1.13
-1.08
-1.45
-1.34
-1.76
-1.58
-2.07
-1.82
-2.36
-2.04
-2.63
-2.25
-2.91
-2.45
-3.19
-2.65
-3.43
-2.82
-3.70
-3.00
-3.96
-3.21
-4.06
-3.40
-4.11
-3.51
-4.21
-3.59
-4.33
-3.69
-4.42
-3.56
-4.76
-3.83
-4.41
-3.49
-4.36
-3.49
-4.66
-3.68
-4.24
-3.39
-4.34
-3.44
-4.04
-3.20
-3.80
-3.09
-3.59
-3.04
-3.46
-2.99
-3.11
-2.84
-2.87
-2.60
-2.40
-2.21
-2.10
-1.87
-1.69
-1.53
-1.36
-1.19
-1.01
-0.87
-0.72
-0.55
-0.40
-0.26
-0.12
0.02
0.15
0.28
0.41
0.55
0.68
0.81
0.95
0.02
0.06
0.12
0.15
0.21
0.24
0.30
0.34
0.40
0.45
0.53
0.61
0.69
0.79
0.88
0.98
1.06
1.16
1.23
1.32
1.37
1.45
1.49
1.56
1.59
1.66
1.68
1.74
1.75
1.82
1.82
1.89
1.89
1.96
1.95
2.03
2.17
2.19
2.28
2.19
2.36
2.25
2.41
2.33
2.50
2.45
2.53
2.51
2.67
2.60
2.69
2.65
2.72
2.75
2.97
2.76
3.17
2.84
3.35
2.94
3.48
3.01
3.56
3.04
3.60
3.05
3.62
3.04
3.62
3.00
3.60
