1.44
1.43
1.43
1.42
1.42
1.41
1.40
1.39
1.38
1.37
1.36
1.35
1.34
1.33
1.31
1.30
1.29
1.28
1.27
1.26
1.25
1.23
1.22
1.21
1.19
1.17
1.15
1.14
1.13
1.12
1.12
1.11
1.11
1.11
1.10
1.10
1.10
1.10
1.10
1.10
1.09
1.09
1.09
1.09
1.09
1.09
1.09
1.09
1.09
1.09
1.09
1.09
1.09
1.09
1.09
1.09
1.09
1.09
1.09
1.09
1.09
1.08
1.08
1.08
1.08
1.08
1.08
1.08
1.08
1.09
1.09
1.09
1.09
1.09
1.09
1.09
1.10
1.10
1.10
1.10
1.11
1.11
1.11
1.11
1.12
1.12
1.12
1.13
1.13
1.13
1.13
1.14
1.14
1.14
1.15
1.15
1.15
1.16
1.16
1.16
1.17
1.17
1.17
1.17
1.18
1.18
1.18
1.18
1.19
1.19
1.19
1.19
1.19
1.18
1.18
1.18
1.17
1.17
1.17
1.16
1.16
1.16
1.15
1.15
1.14
1.14
1.14
1.13
1.13
1.13
1.12
1.12
1.12
1.11
1.11
1.11
1.11
1.11
1.10
1.10
1.10
1.10
1.09
1.09
1.09
1.09
1.08
1.08
1.08
1.07
1.07
1.07
1.07
1.06
1.06
1.06
1.06
1.05
1.05
1.05
1.04
1.04
1.04
1.04
1.03
1.03
1.03
1.03
1.02
1.02
1.02
1.02
1.01
1.01
1.01
1.01
1.00
1.00
1.00
1.00
0.99
0.99
0.99
0.99
0.98
0.98
0.98
0.98
0.97
0.97
0.97
0.97
0.96
0.96
0.96
0.96
0.95
0.95
0.95
0.95
0.94
0.94
0.94
0.94
0.94
0.93
0.93
0.93
0.93
0.92
0.92
0.92
0.92
0.92
0.91
0.91
0.91
0.91
0.91
0.90
0.90
0.90
0.90
0.90
0.89
0.89
0.89
0.89
0.89
0.88
0.88
0.88
0.88
0.88
0.88
0.87
0.87
0.87
0.87
0.87
0.87
0.86
0.86
0.86
0.86
0.86
0.86
0.85
0.85
0.85
0.85
0.85
0.85
0.84
0.84
0.84
0.84
0.84
0.84
0.84
0.83
0.83
0.83
0.83
0.83
0.83
0.83
0.82
0.82
0.82
0.82
0.82
0.82
0.82
0.82
0.81
0.81
0.81
0.81
0.81
0.81
0.81
0.81
0.80
0.80
0.80
0.80
0.80
0.80
0.80
0.80
0.79
0.79
0.79
0.79
0.79
0.79
0.79
0.79
0.79
0.78
0.78
0.78
0.78
0.78
0.78
0.78
0.78
0.78
0.78
0.77
0.77
0.77
0.77
0.77
0.77
0.77
0.77
0.77
0.76
0.76
0.76
0.76
0.76
0.76
0.76
0.76
0.76
0.76
0.76
0.75
0.75
0.75
0.75
0.75
0.75
0.75
0.75
0.75
0.75
0.75
0.74
0.74
0.74
0.74
0.74
0.74
0.74
0.74
0.74
0.74
0.74
0.74
0.74
0.73
0.73
0.73
0.73
0.73
0.73
0.73
0.73
0.73
0.73
0.73
0.73
0.73
0.73
0.73
0.72
0.72
0.72
0.72
0.72
0.72
0.72
0.72
0.72
0.72
0.72
0.72
0.72
0.72
0.72
0.72
0.72
0.72
0.72
0.72
0.72
0.71
0.71
0.71
0.71
0.71
0.71
0.71
0.71
0.71
0.71
0.71
0.71
0.71
0.71
0.71
0.71
0.71
0.71
0.71
0.71
0.71
0.71
0.71
0.71
0.71
0.71
0.71
0.71
0.71
0.71
0.71
0.71
0.71
0.71
0.71
0.71
0.71
0.72
0.72
0.72
0.72
0.72
0.72
0.72
0.72
0.72
0.72
0.72
0.72
0.73
0.73
0.73
0.73
0.73
0.74
0.74
0.74
0.75
0.75
0.75
0.76
0.76
0.77
0.77
0.78
0.79
0.80
0.80
0.81
0.82
0.83
0.84
2.24
2.15
2.07
2.00
1.93
1.86
1.80
1.74
1.69
1.63
1.59
1.54
1.50
1.46
1.42
1.39
1.36
1.33
1.30
1.28
1.26
1.24
1.23
1.22
1.21
1.20
1.19
1.19
1.18
1.18
1.18
1.17
1.17
1.17
1.17
1.17
1.17
1.17
1.17
1.17
1.17
1.17
1.17
1.18
1.18
1.18
1.18
1.18
1.18
1.18
1.18
1.19
1.19
1.19
1.19
1.19
1.19
1.19
1.20
1.20
1.20
1.20
1.20
1.20
1.21
1.21
1.21
1.21
1.21
1.21
1.22
1.22
1.22
1.22
1.22
1.23
1.23
1.23
1.23
1.23
1.23
1.24
1.24
1.24
1.24
1.24
1.24
1.25
1.25
1.25
1.25
1.25
1.25
1.26
1.26
1.26
1.27
1.27
1.28
1.28
1.29
1.29
1.30
1.31
1.31
1.32
1.33
1.34
1.35
1.37
1.38
1.39
1.41
1.43
1.45
1.47
1.49
1.51
1.54
1.57
0.85
0.82
0.80
0.78
0.76
0.75
0.74
0.73
0.73
0.72
0.72
0.72
0.71
0.71
0.71
0.71
0.71
0.71
0.71
0.72
0.72
0.72
0.73
0.74
0.74
0.75
0.76
0.77
0.79
0.81
0.83
0.85
0.88
0.91
0.94
0.97
1.01
1.04
1.06
1.07
1.09
1.10
1.10
1.11
1.11
1.11
1.11
1.11
1.11
1.11
1.10
1.10
1.10
1.09
1.09
1.08
1.08
1.08
1.07
1.07
1.07
1.06
1.06
1.06
1.05
1.05
1.04
1.04
1.04
1.03
1.03
1.03
1.02
1.02
1.02
1.01
1.01
1.01
1.00
1.00
1.00
0.99
0.99
0.99
0.98
0.98
0.98
0.97
0.97
0.97
0.96
0.96
0.96
0.96
0.95
0.95
0.95
0.95
0.94
0.94
0.94
0.94
0.94
0.93
0.93
0.93
0.93
0.92
0.92
0.92
0.91
0.91
0.91
0.90
0.90
0.89
0.89
0.89
0.88
0.88
0.88
0.87
0.87
0.87
0.86
0.86
0.86
0.85
0.85
0.85
0.84
0.84
0.84
0.84
0.83
0.83
0.83
0.82
0.82
0.82
0.82
0.81
0.81
0.81
0.80
0.80
0.80
0.80
0.79
0.79
0.79
0.78
0.78
0.78
0.78
0.77
0.77
0.77
0.76
0.76
0.76
0.76
0.76
0.75
0.75
0.75
0.75
0.75
0.74
0.74
0.74
0.74
0.74
0.74
0.74
0.74
0.73
0.73
0.73
0.73
0.73
0.73
0.73
0.73
0.73
0.73
0.72
0.72
0.72
0.72
0.72
0.72
0.72
0.72
0.72
0.72
0.72
0.72
0.72
0.72
0.72
0.72
0.72
0.72
0.72
0.72
0.72
0.72
0.71
0.71
0.71
0.71
0.71
0.71
0.71
0.71
0.71
0.71
0.71
0.71
0.71
0.71
0.71
0.71
0.71
0.71
0.71
0.71
0.71
0.71
0.71
0.71
0.71
0.71
0.71
0.71
0.71
0.71
0.71
0.71
0.71
0.71
0.71
0.71
0.71
0.71
0.71
0.71
0.71
0.71
0.71
0.71
0.71
0.71
0.71
0.71
0.71
0.71
0.71
0.71
0.71
0.71
0.71
0.71
0.71
0.71
0.71
0.71
0.71
0.71
0.72
0.72
0.72
0.72
0.72
0.72
0.73
0.73
0.73
0.73
0.74
0.74
0.75
0.75
0.76
0.77
0.77
0.78
0.79
0.80
0.81
0.82
0.83
0.84
4.58
4.44
4.32
4.21
4.12
4.04
3.97
3.92
3.88
3.85
3.82
3.80
3.78
3.76
3.74
3.73
3.72
3.71
3.70
3.70
3.70
3.70
3.70
3.70
3.71
3.71
3.72
3.73
3.74
3.74
