0.44
0.44
0.45
0.46
0.47
0.48
0.49
0.50
0.51
0.52
0.54
0.56
0.57
0.58
0.60
0.61
0.63
0.64
0.66
0.67
0.69
0.70
0.72
0.73
0.74
0.75
0.76
0.77
0.78
0.79
0.80
0.81
0.82
0.82
0.83
0.83
0.84
0.84
0.85
0.85
0.85
0.85
0.85
0.86
0.86
0.86
0.86
0.86
0.86
0.86
0.86
0.86
0.86
0.86
0.86
0.86
0.86
0.86
0.86
0.85
0.85
0.85
0.85
0.85
0.85
0.85
0.85
0.85
0.85
0.85
0.85
0.84
0.84
0.84
0.84
0.84
0.84
0.84
0.84
0.84
0.84
0.84
0.83
0.83
0.83
0.83
0.83
0.83
0.83
0.83
0.83
0.82
0.82
0.82
0.82
0.82
0.82
0.82
0.82
0.81
0.81
0.81
0.81
0.81
0.80
0.80
0.80
0.80
0.80
0.80
0.80
0.80
0.79
0.79
0.79
0.79
0.79
0.79
0.79
0.78
0.78
0.78
0.78
0.78
0.78
0.78
0.77
0.77
0.77
0.77
0.76
0.76
0.76
0.76
0.76
0.75
0.75
0.75
0.75
0.74
0.74
0.74
0.74
0.73
0.73
0.73
0.73
0.73
0.72
0.72
0.72
0.72
0.71
0.71
0.71
0.71
0.70
0.70
0.70
0.69
0.69
0.69
0.69
0.69
0.68
0.68
0.68
0.68
0.68
0.67
0.67
0.67
0.67
0.66
0.66
0.66
0.66
0.65
0.65
0.65
0.65
0.65
0.64
0.64
0.64
0.64
0.64
0.64
0.63
0.63
0.63
0.63
0.63
0.63
0.63
0.63
0.62
0.62
0.62
0.62
0.62
0.62
0.62
0.62
0.62
0.62
0.62
0.62
0.62
0.62
0.61
0.61
0.61
0.60
0.60
0.60
0.60
0.60
0.60
0.61
0.61
0.61
0.62
0.62
0.62
0.63
0.63
0.63
0.64
0.64
0.65
0.65
0.66
0.66
0.67
0.67
0.67
0.68
0.68
0.68
0.69
0.69
0.69
0.69
0.70
0.70
0.70
0.71
0.71
0.71
0.72
0.72
0.73
0.73
0.73
0.73
0.74
0.74
0.74
0.75
0.75
0.75
0.76
0.76
0.77
0.77
0.77
0.78
0.78
0.78
0.79
0.79
0.79
0.79
0.80
0.80
0.80
0.80
0.80
0.80
0.81
0.81
0.81
0.81
0.81
0.81
0.81
0.81
0.81
0.81
0.81
0.81
0.81
0.82
0.82
0.82
0.82
0.82
0.82
0.82
0.82
0.82
0.83
0.83
0.83
0.83
0.83
0.83
0.83
0.84
0.84
0.84
0.84
0.84
0.85
0.85
0.85
0.85
0.86
0.86
0.86
0.86
0.86
0.87
0.87
0.87
0.87
0.88
0.88
0.88
0.88
0.89
0.89
0.89
0.89
0.90
0.90
0.90
0.91
0.91
0.92
0.92
0.92
0.93
0.93
0.94
0.94
0.94
0.95
0.95
0.95
0.96
0.96
0.96
0.97
0.97
0.97
0.98
0.98
0.98
0.99
0.99
1.00
1.00
1.01
1.01
1.02
1.02
1.03
1.03
1.03
1.04
1.04
1.04
1.05
1.05
1.05
1.05
1.05
1.05
1.05
1.05
1.05
1.04
1.04
1.03
1.03
1.02
1.01
1.00
0.99
0.98
0.97
0.95
0.94
0.92
0.91
0.89
0.88
0.86
0.84
0.83
0.82
0.80
0.79
0.78
0.77
0.76
0.76
0.75
0.75
0.76
0.76
0.77
0.77
0.78
0.79
0.80
0.80
0.81
0.81
0.82
0.83
0.83
0.83
0.84
0.84
0.85
0.85
0.85
0.86
0.86
0.86
0.87
0.87
0.87
0.87
0.87
0.87
0.88
0.88
0.88
0.88
0.88
0.88
0.88
0.88
0.88
0.88
0.88
0.88
0.87
0.87
0.87
0.87
0.87
0.87
0.87
0.86
0.86
0.86
0.86
0.86
0.85
0.85
0.85
0.85
0.85
0.84
0.84
0.84
0.84
0.83
0.83
0.83
0.83
0.83
0.82
0.82
0.82
0.81
0.81
0.81
0.81
0.81
0.80
0.80
0.80
0.80
0.80
0.79
0.79
0.79
0.79
0.79
0.78
0.78
0.78
0.78
0.78
0.77
0.77
0.77
0.77
0.76
0.76
0.76
0.75
0.75
0.75
0.75
0.74
0.74
0.74
0.74
0.73
0.73
0.73
0.73
0.72
0.72
0.72
0.72
0.71
0.71
0.71
0.71
0.70
0.70
0.70
0.70
0.69
0.69
0.69
0.68
0.68
0.68
0.67
0.67
0.67
0.66
0.66
0.66
0.65
0.65
0.65
0.64
0.64
0.64
0.63
0.63
0.63
0.62
0.62
0.62
0.62
0.62
0.61
0.61
0.61
0.61
0.61
0.61
0.60
0.60
0.60
0.60
0.60
0.60
0.60
0.60
0.59
0.59
0.59
0.60
0.60
0.60
0.61
0.61
0.61
0.62
0.62
0.62
0.63
0.63
0.64
0.64
0.64
0.65
0.65
0.66
0.66
0.67
0.67
0.67
0.68
0.68
0.69
0.69
0.69
0.70
0.70
0.70
0.71
0.71
0.71
0.72
0.72
0.72
0.73
0.73
0.73
0.74
0.74
0.74
0.75
0.75
0.76
0.76
0.76
0.77
0.77
0.77
0.77
0.78
0.78
0.79
0.79
0.79
0.80
0.80
0.80
0.81
0.81
0.81
0.82
0.82
0.82
0.82
0.82
0.82
0.82
0.82
0.82
0.82
0.83
0.83
0.83
0.83
0.83
0.83
0.83
0.83
0.84
0.84
0.84
0.84
0.84
0.84
0.85
0.85
0.85
0.85
0.85
0.86
0.86
0.86
0.86
0.87
0.87
0.87
0.88
0.88
0.88
0.88
0.89
0.89
0.89
0.90
0.90
0.90
0.90
0.91
0.91
0.91
0.92
0.92
0.92
0.93
0.93
0.94
0.94
0.95
0.95
0.96
0.97
0.97
0.98
0.98
0.99
0.99
1.00
1.00
1.01
1.01
1.02
1.02
1.03
1.03
1.03
1.04
1.04
1.05
1.05
1.05
1.05
1.06
1.06
1.06
1.06
1.06
1.06
1.06
1.06
1.05
1.05
1.05
1.04
1.04
1.03
1.02
1.01
1.00
1.00
0.99
0.97
0.96
0.95
0.93
0.92
0.90
0.89
0.88
0.86
0.85
0.84
0.83
0.81
0.79
0.77
0.76
0.74
0.73
0.73
0.72
0.73
0.73
0.73
0.74
0.75
0.76
0.77
0.78
0.78
0.79
0.80
0.81
0.81
0.82
0.83
0.83
0.84
0.84
0.85
0.85
0.86
0.86
0.86
0.87
0.87
0.87
0.87
0.88
0.88
0.88
0.88
0.88
0.88
0.88
0.89
0.89
0.89
0.89
0.89
0.88
0.88
0.88
0.88
0.88
0.88
0.88
0.88
0.87
0.87
0.87
0.87
0.87
0.87
0.86
0.86
0.86
0.86
0.85
0.85
0.85
0.85
0.85
0.84
0.84
0.84
0.83
0.83
0.83
0.83
0.82
0.82
0.82
0.82
0.81
0.81
0.81
0.80
0.80
0.80
0.80
0.79
0.79
0.79
0.79
0.78
0.78
0.78
0.78
0.77
0.77
0.77
0.77
0.76
0.76
0.76
0.75
0.75
0.75
0.75
0.74
0.74
0.74
0.74
0.73
0.73
0.73
0.73
0.72
0.72
0.72
0.72
0.71
0.71
0.71
0.70
0.70
0.69
0.69
0.69
0.68
0.68
0.68
0.67
0.67
0.67
0.66
0.66
0.66
0.65
0.65
0.65
0.65
0.64
0.64
0.64
0.64
0.63
0.63
0.63
0.62
0.62
0.62
0.62
0.61
0.61
0.61
0.61
0.61
0.61
0.60
0.60
0.60
0.60
0.60
0.60
0.59
0.59
0.59
0.59
0.60
0.60
0.60
0.60
0.61
0.61
0.61
0.62
0.62
0.62
0.63
0.63
0.64
0.64
0.64
0.65
0.65
0.66
0.66
0.66
0.67
0.67
0.68
0.68
0.69
0.69
0.69
0.70
0.70
0.70
0.71
0.71
0.71
0.72
0.72
0.72
0.73
0.73
0.73
0.74
0.74
0.74
0.75
0.75
0.76
0.76
0.76
0.77
0.77
0.78
0.78
0.78
0.79
0.79
0.79
0.80
0.80
0.81
0.81
0.81
0.82
0.82
0.82
0.82
0.83
0.83
0.83
0.83
0.83
0.83
0.83
0.83
0.83
0.83
0.84
0.84
0.84
0.84
0.84
0.84
0.85
0.85
0.85
0.85
0.85
0.85
0.86
0.86
0.86
0.86
0.87
0.87
0.87
0.87
0.87
0.88
0.88
0.88
0.89
0.89
0.89
0.90
0.90
0.90
0.91
0.91
0.91
0.92
0.92
0.92
0.93
0.93
0.93
0.94
0.94
0.95
0.95
0.96
0.97
0.97
0.98
0.98
0.99
1.00
1.00
1.01
1.01
1.02
1.02
1.03
1.03
1.04
1.04
1.05
1.05
1.05
1.05
1.06
1.06
1.06
1.06
1.06
1.06
1.05
1.05
1.05
1.04
1.03
1.02
1.01
1.00
0.99
0.97
0.96
0.95
0.93
0.91
0.90
0.88
0.86
0.85
0.83
0.82
0.81
0.80
0.79
0.78
0.77
0.76
0.75
0.74
0.74
0.74
0.74
0.75
0.75
0.76
0.77
0.78
0.79
0.80
0.80
0.81
0.82
0.82
0.83
0.84
0.84
0.85
0.85
0.86
0.86
0.87
0.87
0.87
0.88
0.88
0.88
0.88
0.89
0.89
0.89
0.89
0.89
0.90
0.90
0.90
0.90
0.90
0.90
0.90
0.90
0.90
0.90
0.90
0.90
0.89
0.89
0.89
0.89
0.89
0.89
0.88
0.88
0.88
0.88
0.88
0.87
0.87
0.87
0.87
0.86
0.86
0.86
0.86
0.85
0.85
0.85
0.85
0.84
0.84
0.84
0.84
0.83
0.83
0.83
0.82
0.82
0.82
0.81
0.81
0.81
0.80
0.80
0.80
0.80
0.79
0.79
0.79
0.78
0.78
0.78
0.78
0.77
0.77
0.77
0.77
0.76
0.76
0.76
0.75
0.75
0.75
0.75
0.74
0.74
0.74
0.74
0.73
0.73
0.73
0.73
0.72
0.72
0.72
0.72
0.71
0.71
0.71
0.71
0.71
0.70
0.70
0.70
0.70
0.69
0.69
0.68
0.68
0.68
0.67
0.67
0.67
0.66
0.66
0.66
0.66
0.65
0.65
0.65
0.64
0.64
0.64
0.63
0.63
0.63
0.62
0.62
0.62
0.62
0.62
0.62
0.61
0.62
0.61
0.61
0.61
0.61
0.61
0.61
0.61
0.61
0.61
0.61
0.61
0.61
0.61
0.62
0.62
0.62
0.62
0.62
0.63
0.63
0.64
0.64
0.64
0.65
0.65
0.65
0.65
0.66
0.66
0.66
0.67
0.67
0.68
0.68
0.69
0.69
0.69
0.69
0.70
0.70
0.71
0.71
0.71
0.72
0.72
0.72
0.73
0.73
0.73
0.74
0.74
0.74
0.75
0.75
0.75
0.76
0.76
0.76
0.77
0.77
0.77
0.78
0.78
0.79
0.79
0.79
0.79
0.80
0.80
0.80
0.80
0.80
0.80
0.81
0.81
0.81
0.81
0.81
0.81
0.81
0.81
0.81
0.81
0.82
0.82
0.82
0.82
0.82
0.82
0.83
0.83
0.83
0.83
0.83
0.83
0.84
0.84
0.84
0.84
0.84
0.85
0.85
0.85
0.86
0.86
0.86
0.87
0.87
0.87
0.87
0.88
0.88
0.88
0.88
0.89
0.89
0.89
0.90
0.90
0.90
0.91
0.91
0.91
0.92
0.92
0.92
0.93
0.94
0.94
0.95
0.95
0.96
0.97
0.97
0.98
0.98
0.99
0.99
1.00
1.00
1.01
1.01
1.02
1.02
1.03
1.03
1.04
1.04
1.05
1.05
1.05
1.06
1.06
1.06
1.06
1.06
1.06
1.06
1.05
1.05
1.04
1.03
1.02
1.01
1.00
0.98
0.97
0.95
0.93
0.91
0.89
0.87
0.85
0.83
0.81
0.79
0.77
0.76
0.74
0.73
0.72
0.72
0.72
0.72
0.73
0.74
0.75
0.76
0.77
0.78
0.78
0.79
0.80
0.81
0.82
0.82
0.83
0.84
0.84
0.85
0.85
0.86
0.86
0.86
0.87
0.87
0.87
0.88
0.88
0.88
0.88
0.89
0.89
0.89
0.89
0.89
0.89
0.89
0.90
0.90
0.90
0.90
0.90
0.90
0.89
0.89
0.89
0.89
0.89
0.89
0.89
0.89
0.88
0.88
0.88
0.88
0.88
0.87
0.87
0.87
0.87
0.86
0.86
0.86
0.86
0.85
0.85
0.85
0.85
0.84
0.84
0.84
0.83
0.83
0.83
0.83
0.82
0.82
0.82
0.81
0.81
0.81
0.81
0.80
0.80
0.80
0.80
0.79
0.79
0.79
0.79
0.79
0.78
0.78
0.78
0.78
0.77
0.77
0.77
0.77
0.76
0.76
0.76
0.75
0.75
0.75
0.75
0.74
0.74
0.74
0.73
0.73
0.73
0.73
0.72
0.72
0.72
0.72
0.71
0.71
0.71
0.70
0.70
0.70
0.70
0.69
0.69
0.69
0.69
0.68
0.68
0.68
0.67
0.67
0.67
0.66
0.66
0.66
0.65
0.65
0.65
0.65
0.64
0.64
0.64
0.63
0.63
0.63
0.63
0.63
0.63
0.62
0.62
0.62
0.62
0.62
0.61
0.61
0.61
0.61
0.61
0.61
0.61
0.61
0.61
0.61
0.60
0.61
0.61
0.61
0.61
0.61
0.61
0.61
0.61
0.62
0.62
0.62
0.63
0.63
0.63
0.64
0.64
0.64
0.64
0.64
0.64
0.64
0.64
0.64
0.64
0.64
0.65
0.65
0.65
0.65
0.65
0.65
0.66
0.66
0.66
0.67
0.67
0.67
0.68
0.68
0.68
0.69
0.69
0.70
0.70
0.70
0.71
0.71
0.72
0.72
0.72
0.73
0.73
0.74
0.74
0.74
0.75
0.75
0.75
0.76
0.76
0.77
0.77
0.78
0.78
0.79
0.80
0.80
0.81
0.81
0.82
0.83
0.84
0.85
0.86
0.87
0.88
0.89
0.90
0.91
0.93
0.94
0.95
0.96
0.98
0.99
1.01
1.02
1.04
1.05
1.07
1.08
1.09
1.11
1.12
1.13
1.14
1.14
1.15
1.14
1.14
1.13
1.12
1.11
1.09
1.07
1.05
1.03
1.00
0.98
0.96
0.94
0.94
0.93
0.94
0.94
0.94
0.95
0.96
0.96
0.97
0.98
0.99
0.99
1.00
1.01
1.01
1.02
1.02
1.03
1.03
1.04
1.04
1.04
1.04
1.05
1.05
1.05
1.04
1.04
1.04
1.04
1.03
1.03
1.02
1.01
1.01
1.00
0.99
0.98
0.97
0.97
0.96
0.95
0.95
0.94
0.93
0.93
0.92
0.92
0.91
0.91
0.90
0.90
0.89
0.89
0.88
0.88
0.88
0.87
0.87
0.87
0.86
0.86
0.86
0.85
0.85
0.85
0.85
0.85
0.85
0.84
0.84
0.84
0.84
0.84
0.84
0.83
0.83
0.83
0.83
0.82
0.82
0.81
0.80
0.79
0.78
0.77
0.75
0.73
0.72
0.70
0.68
0.67
0.66
0.65
0.66
0.66
0.67
0.69
0.71
0.73
0.76
0.78
0.80
0.81
0.83
0.84
0.85
0.86
0.87
0.88
0.89
0.90
0.90
0.91
0.92
0.92
0.93
0.93
0.94
0.94
0.95
0.95
0.96
0.97
0.97
0.97
0.97
0.97
0.97
0.96
0.95
0.94
0.92
0.90
0.88
0.86
0.84
0.81
0.78
0.74
0.69
0.64
0.59
0.52
0.46
0.38
0.31
0.23
0.15
0.06
-0.03
-0.11
-0.18
-0.23
-0.27
-0.31
-0.33
-0.35
-0.36
-0.36
-0.36
-0.36
-0.36
-0.35
-0.34
-0.33
-0.32
-0.31
-0.30
-0.28
-0.27
-0.26
-0.25
-0.24
-0.22
-0.21
-0.20
-0.19
-0.18
-0.17
-0.16
-0.15
-0.15
-0.14
-0.13
-0.13
-0.12
-0.11
-0.11
-0.10
-0.10
-0.09
-0.09
-0.08
-0.08
-0.08
-0.07
-0.07
-0.07
-0.07
-0.06
-0.06
-0.06
-0.06
-0.06
-0.05
-0.05
-0.05
-0.05
-0.05
-0.05
-0.05
-0.05
-0.04
-0.04
-0.04
-0.04
-0.04
-0.04
-0.04
-0.04
-0.04
-0.04
-0.04
-0.04
-0.04
-0.04
-0.04
-0.04
-0.04
-0.04
-0.04
-0.04
-0.04
-0.04
-0.04
-0.04
-0.04
-0.04
-0.04
-0.03
-0.03
-0.03
-0.03
-0.03
-0.03
-0.03
-0.03
-0.03
-0.03
-0.03
-0.03
-0.03
-0.03
-0.03
-0.03
-0.03
-0.03
-0.03
-0.03
-0.03
-0.03
-0.03
-0.03
-0.03
-0.03
-0.03
-0.03
-0.03
-0.03
-0.03
-0.03
-0.03
-0.03
-0.03
-0.03
-0.03
-0.03
-0.03
-0.03
-0.03
-0.03
-0.03
-0.03
-0.03
-0.03
-0.03
-0.03
-0.03
-0.03
-0.03
-0.03
-0.03
-0.03
-0.03
-0.03
-0.03
-0.03
-0.03
-0.03
-0.03
-0.03
-0.03
-0.03
-0.03
-0.03
-0.03
-0.03
-0.03
-0.03
-0.03
-0.03
-0.03
-0.03
-0.03
-0.03
-0.03
-0.03
-0.03
-0.03
-0.03
-0.03
-0.03
-0.03
-0.03
-0.03
-0.03
-0.03
-0.03
-0.03
-0.03
-0.03
-0.03
-0.03
-0.03
-0.03
-0.03
-0.03
-0.03
-0.03
-0.03
-0.03
-0.03
-0.03
-0.03
-0.03
-0.03
-0.02
-0.02
-0.02
-0.02
-0.02
-0.02
-0.02
-0.02
-0.02
-0.02
-0.02
-0.02
-0.02
-0.02
-0.01
-0.00
0.01
0.03
0.05
0.09
0.12
0.17
0.22
0.27
0.33
0.39
0.44
0.50
0.56
0.62
0.68
0.73
0.78
0.83
0.87
0.91
0.96
1.01
1.06
1.11
1.17
1.22
1.28
1.34
1.40
1.46
1.53
1.59
1.66
1.72
1.79
1.86
1.93
2.00
2.07
2.13
2.19
2.25
2.31
2.36
2.41
2.46
2.51
2.56
2.61
2.65
2.68
2.71
2.73
2.75
2.76
2.77
2.78
2.78
2.78
2.78
2.78
2.78
2.77
2.76
2.75
2.74
2.73
2.71
2.70
2.68
2.66
2.64
2.62
2.60
2.58
2.56
2.53
2.51
2.48
2.46
2.43
2.40
2.37
2.33
2.30
2.27
2.23
2.19
2.15
2.11
2.07
2.02
1.98
1.93
1.88
1.83
1.78
1.72
1.67
1.61
1.55
1.49
1.42
1.36
1.29
1.22
1.14
1.07
0.99
0.92
0.85
0.77
0.70
0.62
0.55
0.47
0.40
0.33
0.26
0.19
0.13
0.06
0.00
-0.05
-0.09
-0.13
-0.15
-0.18
-0.19
-0.20
-0.21
-0.20
-0.20
-0.18
-0.16
-0.13
-0.10
-0.06
-0.01
0.04
0.10
0.17
0.24
0.32
0.41
0.49
0.59
0.68
0.77
0.85
0.94
1.01
1.08
1.15
1.21
1.27
1.33
1.38
1.42
1.47
1.51
1.55
1.58
1.62
1.65
1.68
1.70
1.73
1.75
1.77
1.78
1.80
1.81
1.82
1.83
1.83
1.84
1.84
1.84
1.84
1.83
1.83
1.82
1.80
1.79
1.77
1.75
1.73
1.70
1.67
1.64
1.60
1.56
1.53
1.48
1.44
1.39
1.35
1.30
1.24
1.19
1.13
1.06
1.00
0.93
0.86
0.80
0.74
0.68
0.62
0.56
0.50
0.45
0.40
0.34
0.30
0.25
0.21
0.17
0.13
0.10
0.08
0.06
0.05
0.05
0.05
0.06
0.07
0.08
0.10
0.12
0.14
0.16
0.19
0.21
0.24
0.27
0.31
0.35
0.40
0.45
0.50
0.55
0.60
0.65
0.71
0.77
0.82
0.88
0.95
1.01
1.08
1.16
1.23
1.31
1.40
1.48
1.57
1.65
1.74
1.82
1.90
1.97
2.04
2.11
2.17
2.24
2.30
2.35
2.41
2.46
2.51
2.56
2.61
2.65
2.69
2.72
2.74
2.76
2.78
2.79
2.79
2.80
2.80
2.80
2.80
2.80
2.80
2.79
2.78
2.78
2.77
2.75
2.74
2.73
2.71
2.69
2.67
2.65
2.62
2.60
2.57
2.54
2.50
2.47
2.43
2.39
2.35
2.30
2.26
2.21
2.16
2.11
2.05
2.00
1.94
1.88
1.83
1.77
1.72
1.66
1.61
1.55
1.49
1.44
1.38
1.32
1.26
1.20
1.13
1.06
0.99
0.92
0.83
0.74
0.64
0.54
0.43
0.32
0.22
0.13
0.04
-0.04
-0.10
-0.15
-0.19
-0.22
-0.24
-0.26
-0.27
-0.27
-0.27
-0.26
-0.24
-0.21
-0.18
-0.15
-0.10
-0.05
0.01
0.07
0.13
0.18
0.23
0.28
0.32
0.36
0.40
0.43
0.46
0.49
0.51
0.53
0.55
0.56
0.57
0.58
0.58
0.58
0.58
0.58
0.57
0.56
0.55
0.54
0.53
0.51
0.49
0.47
0.45
0.42
0.39
0.35
0.31
0.26
0.22
0.16
0.11
0.05
-0.02
-0.07
-0.12
-0.15
-0.18
-0.20
-0.22
-0.23
-0.24
-0.24
-0.24
-0.24
-0.24
-0.24
-0.23
-0.22
-0.22
-0.21
-0.20
-0.20
-0.19
-0.18
-0.18
-0.17
-0.16
-0.16
-0.15
-0.14
-0.14
-0.13
-0.13
-0.12
-0.11
-0.10
-0.09
-0.07
-0.06
-0.04
-0.02
0.00
0.03
0.05
0.08
0.12
0.15
0.19
0.23
0.27
0.31
0.35
0.40
0.44
0.49
0.54
0.60
0.65
0.71
0.77
0.83
0.89
0.95
1.01
1.08
1.14
1.21
1.28
1.34
1.40
1.46
1.51
1.56
1.60
1.65
1.69
1.73
1.76
1.80
1.83
1.86
1.88
1.91
1.93
1.94
1.96
1.97
1.98
1.99
2.00
2.00
2.00
2.01
2.00
2.00
2.00
1.99
1.99
1.98
1.97
1.97
1.95
1.94
1.93
1.92
1.91
1.90
1.89
1.88
1.86
1.85
1.84
1.83
1.82
1.80
1.79
1.78
1.77
1.77
1.76
1.75
1.75
1.74
1.74
1.74
1.74
1.74
1.75
1.75
1.76
1.76
1.77
1.78
1.79
1.80
1.80
1.81
1.82
1.82
1.83
1.83
1.84
1.84
1.85
1.85
1.85
1.86
1.86
1.86
1.87
1.87
1.87
1.87
1.88
1.88
1.88
1.88
1.88
1.89
1.89
1.89
1.89
1.89
1.90
1.90
1.90
1.90
1.90
1.90
1.90
1.91
1.91
1.91
1.91
1.91
1.91
1.91
1.91
1.91
1.92
1.92
1.92
1.92
1.92
1.92
1.92
1.92
1.92
1.92
1.92
1.92
1.92
1.92
1.93
1.93
1.93
1.93
1.93
1.93
1.93
1.93
1.93
1.93
1.93
1.93
1.93
1.93
1.93
1.94
1.94
1.94
1.94
1.94
1.94
1.94
1.94
1.94
1.94
1.94
1.94
1.94
1.94
1.94
1.94
1.94
1.94
1.94
1.93
1.93
1.93
1.92
1.92
1.91
1.91
1.90
1.89
1.89
1.88
1.87
1.87
1.86
1.85
1.85
1.84
1.83
1.82
1.81
1.80
1.79
1.79
1.78
1.77
1.76
1.75
1.74
1.73
1.72
1.71
1.69
1.68
1.67
1.66
1.65
1.64
1.62
1.61
1.60
1.58
1.57
1.55
1.54
1.52
1.51
1.49
1.47
1.46
1.44
1.42
1.40
1.39
1.37
1.36
1.34
1.32
1.30
1.27
1.25
1.22
1.18
1.15
1.11
1.07
1.03
1.00
0.96
0.93
0.90
0.87
0.85
0.82
0.79
0.75
0.72
0.68
0.65
0.61
0.57
0.53
0.49
0.44
0.39
0.34
0.28
0.21
0.15
0.07
0.00
-0.07
-0.13
-0.18
-0.21
-0.24
-0.26
-0.28
-0.29
-0.29
-0.30
-0.29
-0.29
-0.29
-0.28
-0.27
-0.26
-0.25
-0.24
-0.23
-0.22
-0.21
-0.20
-0.19
-0.18
-0.17
-0.17
-0.16
-0.15
-0.14
-0.13
-0.12
-0.12
-0.11
-0.10
-0.10
-0.09
-0.09
-0.08
-0.08
-0.07
-0.07
-0.06
-0.06
-0.06
-0.05
-0.05
-0.05
-0.05
-0.04
-0.04
-0.04
-0.04
-0.04
-0.04
-0.04
-0.04
-0.04
-0.04
-0.04
-0.04
-0.04
-0.04
-0.04
-0.04
-0.04
-0.04
-0.04
-0.04
-0.04
-0.04
-0.04
-0.04
-0.04
-0.04
-0.04
-0.04
-0.04
-0.04
-0.04
-0.04
-0.04
-0.04
-0.04
-0.03
-0.03
-0.03
-0.03
-0.03
-0.03
-0.03
-0.03
-0.03
-0.03
-0.03
-0.03
-0.03
-0.03
-0.03
-0.03
-0.03
-0.03
-0.03
-0.03
-0.03
-0.03
-0.03
-0.03
-0.03
-0.03
-0.03
-0.03
-0.03
-0.03
-0.03
-0.03
-0.03
-0.03
-0.03
-0.03
-0.03
-0.03
-0.03
-0.03
-0.03
-0.03
-0.03
-0.03
-0.03
-0.03
-0.03
-0.03
-0.02
-0.02
-0.02
-0.02
-0.02
-0.02
-0.02
-0.02
-0.02
-0.02
-0.02
-0.02
-0.02
-0.02
-0.02
-0.02
-0.02
-0.02
-0.02
-0.02
-0.02
-0.02
-0.02
-0.02
-0.02
-0.02
-0.02
-0.02
-0.02
-0.02
-0.02
-0.02
-0.02
-0.02
-0.02
-0.02
-0.02
-0.02
-0.02
-0.02
-0.02
-0.02
-0.02
-0.02
-0.02
-0.02
-0.02
-0.02
-0.02
-0.02
-0.02
-0.02
-0.02
-0.02
-0.02
-0.02
-0.02
-0.02
-0.02
-0.02
-0.02
-0.02
-0.02
-0.02
-0.02
-0.02
-0.02
-0.02
-0.02
-0.02
-0.02
-0.02
-0.02
-0.02
-0.02
-0.02
-0.02
-0.02
-0.02
-0.02
-0.02
-0.02
-0.02
-0.02
-0.02
-0.02
-0.02
-0.02
-0.02
-0.02
-0.02
-0.02
-0.02
-0.02
-0.02
-0.02
-0.02
-0.02
-0.02
-0.02
-0.02
-0.02
-0.02
-0.02
-0.02
-0.02
-0.02
-0.02
-0.02
-0.02
-0.02
-0.02
-0.02
-0.02
-0.02
-0.02
-0.02
-0.02
-0.02
-0.02
-0.02
-0.02
-0.02
-0.02
-0.02
-0.02
-0.02
-0.02
-0.02
-0.02
-0.02
-0.02
-0.02
-0.02
-0.02
-0.02
-0.02
-0.02
-0.02
-0.02
-0.02
-0.02
-0.02
-0.02
-0.02
-0.02
-0.02
-0.02
-0.02
-0.02
-0.02
-0.02
-0.02
-0.02
-0.02
-0.02
-0.02
-0.02
-0.02
-0.02
-0.02
-0.02
-0.02
-0.02
-0.02
-0.02
-0.02
-0.02
-0.02
-0.02
-0.02
-0.02
-0.02
-0.02
-0.02
-0.02
-0.02
-0.02
-0.02
-0.02
-0.02
-0.02
-0.02
-0.02
-0.02
-0.02
-0.02
-0.02
-0.02
-0.02
-0.02
-0.02
-0.02
-0.02
-0.02
-0.02
-0.02
-0.02
-0.02
-0.02
-0.02
-0.02
-0.02
-0.02
-0.02
-0.02
-0.02
-0.02
-0.02
-0.02
-0.02
-0.02
-0.02
-0.02
-0.02
-0.02
-0.02
-0.02
-0.02
-0.02
-0.02
-0.02
-0.02
-0.02
-0.02
-0.02
-0.02
-0.02
-0.02
-0.02
-0.02
-0.02
-0.02
-0.02
-0.02
-0.02
-0.02
-0.02
-0.02
-0.02
-0.02
-0.02
-0.02
-0.02
-0.02
-0.02
-0.02
-0.02
-0.02
-0.02
-0.02
-0.02
-0.02
-0.02
-0.02
-0.02
-0.02
-0.02
-0.02
-0.02
-0.02
-0.02
-0.02
-0.02
-0.02
-0.02
-0.02
-0.02
-0.02
-0.02
-0.02
-0.02
-0.02
-0.02
-0.02
-0.02
-0.02
-0.02
-0.02
-0.02
-0.02
-0.02
-0.02
-0.02
-0.02
-0.02
-0.02
-0.02
-0.02
-0.02
-0.02
-0.02
-0.02
-0.02
-0.02
-0.02
-0.02
-0.02
-0.02
-0.02
-0.02
-0.02
-0.02
-0.03
-0.03
-0.03
-0.03
-0.03
-0.03
-0.03
-0.03
-0.03
-0.03
-0.03
-0.03
-0.03
-0.03
-0.03
-0.03
-0.03
-0.03
-0.03
-0.03
-0.03
-0.03
-0.03
-0.03
-0.03
-0.03
-0.03
-0.03
-0.03
-0.03
-0.03
-0.03
-0.03
-0.03
-0.03
-0.03
-0.03
-0.03
-0.03
-0.03
-0.03
-0.03
-0.03
-0.03
-0.03
-0.03
-0.03
-0.03
-0.03
-0.03
-0.03
-0.03
-0.03
-0.03
-0.03
-0.03
-0.03
-0.03
-0.03
-0.03
-0.03
-0.03
-0.03
-0.03
-0.03
-0.03
-0.03
-0.03
-0.03
-0.03
-0.03
-0.03
-0.03
-0.03
-0.03
-0.03
-0.03
-0.03
-0.03
-0.03
-0.03
-0.03
-0.03
-0.03
-0.03
-0.03
-0.03
-0.03
-0.03
-0.03
-0.03
-0.03
-0.03
-0.03
-0.03
-0.03
-0.03
-0.03
-0.03
-0.03
-0.03
-0.03
-0.03
-0.03
-0.03
-0.03
-0.03
-0.03
-0.03
-0.03
-0.03
-0.03
-0.03
-0.03
-0.03
-0.03
-0.03
-0.03
-0.03
-0.03
-0.03
-0.03
-0.03
-0.03
-0.03
-0.03
-0.03
-0.03
-0.03
-0.03
-0.03
-0.03
-0.03
-0.03
-0.03
-0.03
-0.03
-0.03
-0.03
-0.03
-0.03
-0.03
-0.03
-0.03
-0.03
-0.03
-0.03
-0.03
-0.03
-0.03
-0.03
-0.03
-0.03
-0.03
-0.03
-0.03
-0.03
-0.03
-0.03
-0.03
-0.03
-0.03
-0.03
-0.03
-0.03
-0.03
-0.03
-0.03
-0.03
-0.03
-0.03
-0.03
-0.03
-0.02
-0.00
0.02
0.05
0.09
0.13
0.18
0.24
0.30
0.36
0.43
0.50
0.57
0.65
0.71
0.78
0.83
0.89
0.94
0.98
1.02
1.06
1.10
1.13
1.16
1.18
1.21
1.23
1.24
1.26
1.27
1.27
1.27
1.27
1.26
1.24
1.23
1.21
1.18
1.15
1.12
1.09
1.05
1.01
0.98
0.95
0.92
0.89
0.87
0.85
0.83
0.81
0.79
0.76
0.74
0.72
0.69
0.67
0.64
0.61
0.57
0.54
0.50
0.45
0.41
0.36
0.31
0.25
0.19
0.13
0.06
-0.01
-0.08
-0.13
-0.17
-0.20
-0.23
-0.24
-0.25
-0.25
-0.25
-0.25
-0.25
-0.24
-0.24
-0.23
-0.22
-0.22
-0.21
-0.19
-0.18
-0.17
-0.16
-0.15
-0.14
-0.13
-0.12
-0.12
-0.11
-0.10
-0.10
-0.09
-0.09
-0.08
-0.08
-0.07
-0.07
-0.06
-0.06
-0.06
-0.05
-0.05
-0.05
-0.05
-0.04
-0.04
-0.04
-0.04
-0.04
-0.04
-0.03
-0.03
-0.02
-0.02
-0.01
0.00
0.02
0.03
0.05
0.07
0.09
0.12
0.15
0.19
0.23
0.29
0.34
0.39
0.44
0.48
0.52
0.56
0.60
0.63
0.67
0.70
0.73
0.76
0.78
0.81
0.83
0.84
0.85
0.86
0.86
0.87
0.87
0.87
0.87
0.87
0.86
0.85
0.84
0.82
0.80
0.79
0.77
0.75
0.74
0.73
0.72
0.71
0.71
0.71
0.70
0.70
0.70
0.70
0.70
0.70
0.69
0.69
0.68
0.67
0.67
0.66
0.65
0.64
0.64
0.63
0.62
0.62
0.62
0.62
0.62
0.63
0.64
0.65
0.66
0.68
0.69
0.71
0.73
0.76
0.78
0.79
0.81
0.83
0.85
0.87
0.89
0.91
0.93
0.95
0.96
0.98
0.99
1.01
1.02
1.02
1.03
1.04
1.04
1.04
1.04
1.04
1.04
1.04
1.03
1.03
1.02
1.00
0.99
0.97
0.95
0.93
0.92
0.91
0.90
0.89
0.87
0.86
0.85
0.83
0.81
0.78
0.75
0.71
0.67
0.63
0.58
0.53
0.49
0.44
0.40
0.37
0.34
0.31
0.28
0.26
0.24
0.22
0.21
0.21
0.21
0.22
0.23
0.25
0.27
0.30
0.32
0.35
0.38
0.40
0.43
0.45
0.46
0.48
0.49
0.51
0.53
0.54
0.55
0.57
0.58
0.60
0.61
0.62
0.63
0.64
0.65
0.66
0.67
0.68
0.69
0.70
0.70
0.71
0.72
0.73
0.74
0.74
0.75
0.76
0.77
0.78
0.79
0.80
0.81
0.82
0.83
0.84
0.86
0.87
0.88
0.89
0.90
0.90
0.91
0.92
0.92
0.93
0.93
0.93
0.94
0.94
0.94
0.95
0.95
0.95
0.95
0.95
0.96
0.96
0.96
0.96
0.96
0.96
0.96
0.96
0.95
0.95
0.95
0.95
0.94
0.94
0.93
0.92
0.92
0.91
0.90
0.90
0.89
0.89
0.88
0.87
0.87
0.86
0.85
0.85
0.84
0.83
0.83
0.82
0.82
0.81
0.81
0.80
0.79
0.79
0.78
0.77
0.77
0.76
0.75
0.75
0.74
0.74
0.73
0.73
0.72
0.72
0.71
0.71
0.70
0.70
0.70
0.69
0.69
0.69
0.69
0.69
0.69
0.69
0.69
0.69
0.69
0.68
0.68
0.68
0.68
0.68
0.68
0.68
0.68
0.68
0.68
0.68
0.68
0.68
0.68
0.68
0.68
0.68
0.68
0.68
0.68
0.68
0.68
0.68
0.68
0.68
0.68
0.68
0.68
0.68
0.68
0.68
0.68
0.68
0.68
0.68
0.68
0.68
0.68
0.68
0.68
0.68
0.68
0.68
0.68
0.68
0.68
0.67
0.67
0.67
0.67
0.67
0.67
0.67
0.67
0.67
0.67
0.67
0.67
0.67
0.67
0.67
0.67
0.66
0.66
0.66
0.66
0.66
0.66
0.66
0.66
0.66
0.66
0.65
0.65
0.65
0.65
0.65
0.65
0.65
0.65
0.65
0.65
0.65
0.65
0.65
0.65
0.65
0.64
0.64
0.64
0.64
0.64
0.64
0.64
0.64
0.64
0.64
0.64
0.63
0.63
0.63
0.63
0.63
0.63
0.63
0.63
0.63
0.63
0.63
0.63
0.63
0.63
0.63
0.64
0.64
0.64
0.64
0.64
0.64
0.65
0.65
0.65
0.65
0.66
0.66
0.66
0.67
0.67
0.67
0.67
0.68
0.68
0.69
0.69
0.70
0.70
0.70
0.71
0.71
0.72
0.72
0.73
0.74
0.75
0.76
0.77
0.79
0.80
0.82
0.84
0.87
0.90
0.92
0.94
0.97
0.99
1.03
1.06
1.10
1.14
1.19
1.23
1.28
1.33
1.39
1.44
1.50
1.56
1.62
1.68
1.74
1.80
1.87
1.93
2.00
2.07
2.14
2.21
2.28
2.35
2.42
2.50
2.57
2.65
2.72
2.78
2.82
2.86
2.89
2.91
2.93
2.94
2.95
2.95
2.95
2.95
2.94
2.94
2.93
2.92
2.91
2.90
2.89
2.88
2.87
2.86
2.84
2.83
2.82
2.81
2.80
2.79
2.78
2.77
2.76
2.76
2.75
2.74
2.73
2.73
2.72
2.72
2.71
2.71
2.70
2.70
2.69
2.69
2.69
2.68
2.68
2.68
2.68
2.67
2.67
2.67
2.67
2.67
2.66
2.66
2.66
2.66
2.66
2.66
2.66
2.66
2.66
2.65
2.65
2.65
2.65
2.65
2.65
2.65
2.65
2.65
2.65
2.65
2.65
2.65
2.65
2.65
2.65
2.65
2.65
2.65
2.65
2.65
2.65
2.65
2.65
2.65
2.65
2.65
2.65
2.65
2.65
2.65
2.65
2.65
2.65
2.65
2.65
2.65
2.65
2.65
2.65
2.65
2.65
2.65
2.65
2.65
2.64
2.64
2.64
2.64
2.64
2.64
2.64
2.64
2.64
2.64
2.64
2.64
2.64
2.64
2.64
2.64
2.64
2.64
2.64
2.64
2.64
2.64
2.64
2.64
2.64
2.64
2.64
2.64
2.64
2.64
2.64
2.65
2.65
2.65
2.65
2.65
2.65
2.65
2.65
2.65
2.65
2.65
2.65
2.65
2.65
2.65
2.65
2.65
2.65
2.65
2.65
2.65
2.65
2.65
2.65
2.65
2.65
2.65
2.65
2.65
2.65
2.65
2.65
2.65
2.65
2.65
2.65
2.65
2.65
2.65
2.65
2.65
2.65
2.65
2.65
2.65
2.65
2.65
2.65
2.65
2.65
2.65
2.65
2.65
2.65
2.65
2.65
2.65
2.65
2.65
2.65
2.65
2.65
2.65
2.65
2.65
2.65
2.65
2.65
2.65
2.65
2.65
2.65
2.65
2.65
2.65
2.65
2.65
2.65
2.65
2.65
2.65
2.65
2.65
2.65
2.65
2.65
2.64
2.64
2.64
2.64
2.64
2.64
2.64
2.64
2.64
2.64
2.64
2.64
2.64
2.64
2.64
2.64
2.64
2.64
2.64
2.64
2.64
2.64
2.64
2.64
2.64
2.64
2.64
2.64
2.64
2.64
2.64
2.64
2.64
2.64
2.64
2.64
2.64
2.64
2.64
2.64
2.64
2.64
2.64
2.64
2.64
2.64
2.64
2.64
2.64
2.64
2.64
2.64
2.64
2.64
2.64
2.64
2.64
2.64
2.64
2.65
2.65
2.65
2.65
2.65
2.65
2.65
2.65
2.65
2.65
2.65
2.65
2.65
2.65
2.65
2.65
2.65
2.65
2.65
2.65
2.65
2.65
2.65
2.65
2.65
2.65
2.65
2.65
2.65
2.65
2.65
2.65
2.65
2.65
2.65
2.65
2.65
2.65
2.65
2.65
2.65
2.65
2.65
2.65
2.65
2.65
2.65
2.65
2.65
2.65
2.65
2.65
2.65
2.65
2.65
2.65
2.65
2.65
2.65
2.65
2.65
2.65
2.65
2.65
2.65
2.65
2.65
2.65
2.65
2.65
2.65
2.65
2.65
2.65
2.65
2.65
2.65
2.65
2.65
2.65
2.65
2.65
2.65
2.65
2.65
2.65
2.65
2.65
2.65
2.65
2.65
2.65
2.65
2.65
2.65
2.65
2.65
2.65
2.65
2.65
2.65
2.65
2.65
2.65
2.65
2.65
2.65
2.65
2.65
2.65
2.65
2.65
2.65
2.65
2.65
2.65
2.65
2.65
2.65
2.65
2.65
2.65
2.65
2.65
2.65
2.65
2.65
2.65
2.65
2.65
2.65
2.65
2.65
2.65
2.65
2.65
2.65
2.65
2.65
2.65
2.65
2.65
2.65
2.65
2.65
2.65
2.65
2.65
2.65
2.65
2.65
2.65
2.65
2.65
2.65
2.65
2.65
2.65
2.65
2.65
2.65
2.65
2.65
2.65
2.65
2.65
2.65
2.65
2.65
2.65
2.65
2.65
2.65
2.65
2.65
2.65
2.65
2.65
2.65
2.65
2.65
2.65
2.65
2.65
2.65
2.65
2.65
2.65
2.65
2.65
2.65
2.65
2.65
2.65
2.65
2.65
2.65
2.65
2.65
2.65
2.65
2.65
2.65
2.65
2.65
2.65
2.65
2.65
2.65
2.65
2.65
2.65
2.65
2.65
2.65
2.65
2.65
2.65
2.65
2.65
2.65
2.65
2.65
2.65
2.65
2.65
2.65
2.65
2.65
2.65
2.65
2.65
2.65
2.65
2.65
2.65
2.65
2.65
2.65
2.65
2.65
2.65
2.65
2.65
2.65
2.65
2.65
2.65
2.65
2.65
2.65
2.65
2.65
2.65
2.65
2.65
2.65
2.65
2.65
2.65
2.65
2.65
2.65
2.65
2.65
2.65
2.65
2.65
2.65
2.65
2.65
2.65
2.65
2.65
2.65
2.65
2.65
2.65
2.65
2.65
2.65
2.65
2.65
2.65
2.65
2.65
2.65
2.65
2.65
2.65
2.65
2.65
2.65
2.65
2.65
2.65
2.65
2.65
2.65
2.65
2.65
2.65
2.65
2.65
2.65
2.65
2.65
2.65
2.65
2.65
2.65
2.65
2.65
2.65
2.65
2.65
2.65
2.65
2.65
2.65
2.65
2.65
2.65
2.65
2.65
2.65
2.65
2.65
2.65
2.65
2.65
2.65
2.65
2.65
2.65
2.65
2.65
2.65
2.65
2.65
2.65
2.65
2.65
2.65
2.65
2.65
2.65
2.65
2.65
2.65
2.65
2.65
2.65
2.65
2.65
2.65
2.65
2.65
2.65
2.65
2.65
2.65
2.65
2.65
2.65
2.65
2.65
2.65
2.65
2.65
2.65
2.65
2.65
2.65
2.65
2.65
2.65
2.65
2.65
2.65
2.65
2.65
2.65
2.65
2.65
2.65
2.65
2.65
2.65
2.65
2.65
2.65
2.65
2.65
2.65
2.65
2.65
2.65
2.65
2.65
2.65
2.65
2.65
2.65
2.65
2.65
2.65
2.65
2.65
2.65
2.65
2.65
2.65
2.65
2.65
2.65
2.65
2.65
2.65
2.65
2.65
2.65
2.65
2.65
2.65
2.65
2.65
2.65
2.65
2.65
2.65
2.65
2.65
2.65
2.65
2.65
2.65
2.65
2.65
2.65
2.65
2.65
2.65
2.65
2.65
2.65
2.65
2.65
2.65
2.65
2.65
2.65
2.65
2.65
2.65
2.65
2.65
2.65
2.65
2.65
2.65
2.65
2.65
2.65
2.65
2.65
2.65
2.65
2.65
2.65
2.65
2.65
2.65
2.65
2.65
2.65
2.65
2.65
2.65
2.65
2.65
2.65
2.65
2.65
2.65
2.65
2.65
2.65
2.65
2.65
2.65
2.65
2.65
2.65
2.65
2.65
2.65
2.65
2.65
2.65
2.65
2.65
2.65
2.65
2.65
2.65
2.65
2.65
2.65
2.65
2.65
2.65
2.65
2.65
2.65
2.65
2.65
2.65
2.65
2.65
2.65
2.65
2.65
2.65
2.65
2.65
2.65
2.65
2.65
2.65
2.65
2.65
2.65
2.65
2.65
2.65
2.65
2.65
2.65
2.65
2.65
2.65
2.65
2.65
2.65
2.65
2.65
2.65
2.65
2.65
2.65
2.65
2.65
2.65
2.65
2.65
2.65
2.65
2.65
2.65
2.65
2.65
2.65
2.65
2.65
2.65
2.65
2.65
2.65
2.65
2.65
2.65
2.65
2.65
2.65
2.65
2.65
2.65
2.65
2.65
2.65
2.65
2.65
2.65
2.65
2.65
2.65
2.65
2.65
2.65
2.65
2.65
2.65
2.65
2.65
2.65
2.65
2.65
2.65
2.65
2.65
2.65
2.65
2.65
2.65
2.65
2.65
2.65
2.65
2.65
2.65
2.65
2.65
2.65
2.65
2.65
2.65
2.65
2.65
2.65
2.65
2.65
2.65
2.65
2.65
2.65
2.65
2.65
2.65
2.65
2.65
2.65
2.65
2.65
2.65
2.65
2.65
2.65
2.65
2.65
2.65
2.65
2.65
2.65
2.65
2.65
2.65
2.65
2.65
2.65
2.65
2.65
2.65
2.65
2.65
2.65
2.65
2.65
2.65
2.65
2.65
2.65
2.65
2.65
2.65
2.65
2.65
2.65
2.65
2.65
2.65
2.65
2.65
2.65
2.65
2.65
2.65
2.65
2.65
2.65
2.65
2.65
2.65
2.65
2.65
2.65
2.65
2.65
2.65
2.65
2.65
2.65
2.65
2.65
2.65
2.65
2.65
2.65
2.65
2.65
2.65
2.65
2.65
2.65
2.65
2.65
2.65
2.65
2.65
2.65
2.65
2.65
2.65
2.65
2.65
2.65
2.65
2.65
2.65
2.65
2.65
2.65
2.65
2.65
2.65
2.65
2.65
2.65
2.65
2.65
2.65
2.65
2.65
2.65
2.65
2.65
2.65
2.65
2.65
2.65
2.65
2.65
2.65
2.65
2.65
2.65
2.65
2.65
2.65
2.65
2.65
2.65
2.65
2.65
2.65
2.65
2.65
2.65
2.65
2.65
2.65
2.65
2.65
2.65
2.65
2.65
2.65
2.65
2.65
2.65
2.65
2.65
2.65
2.65
2.65
2.65
2.65
2.65
2.65
2.65
2.65
2.65
2.65
2.65
2.65
2.65
2.65
2.65
2.65
2.65
2.65
2.65
2.65
2.65
2.65
2.65
2.65
2.65
2.65
2.65
2.65
2.65
2.65
2.65
2.65
2.65
2.65
2.65
2.65
2.65
2.65
2.65
2.65
2.65
2.65
2.65
2.65
2.65
2.65
2.65
2.65
2.65
2.65
2.65
2.65
2.65
2.65
2.65
2.65
2.65
2.65
2.65
2.65
2.65
2.65
2.65
2.65
2.65
2.65
2.65
2.65
2.65
2.65
2.65
2.65
2.65
2.65
2.65
2.65
2.65
2.65
2.65
2.65
2.65
2.65
2.65
2.65
2.65
2.65
2.65
2.65
2.65
2.65
2.65
2.65
2.65
2.65
2.65
2.65
2.65
2.65
2.65
2.65
2.65
2.65
2.65
2.65
2.65
2.65
2.65
2.65
2.65
2.65
2.65
2.65
2.65
2.65
2.65
2.65
2.65
2.65
2.65
2.65
2.65
2.65
2.65
2.65
2.65
2.65
2.65
2.65
2.65
2.65
2.65
2.65
2.65
2.65
2.65
2.65
2.65
2.65
2.65
2.65
2.65
2.65
2.65
2.65
2.65
2.65
2.65
2.65
2.65
2.65
2.65
2.65
2.65
2.65
2.65
2.65
2.65
2.65
2.65
2.65
2.65
2.65
2.65
2.65
2.65
2.65
2.65
2.65
2.65
2.65
2.65
2.65
2.65
2.65
2.65
2.65
2.65
2.65
2.65
2.65
2.65
2.65
2.65
2.65
2.65
2.65
2.65
2.65
2.65
2.65
2.65
2.65
2.65
2.65
2.65
2.65
2.65
2.65
2.65
2.65
2.65
2.65
2.65
2.65
2.65
2.65
2.65
2.65
2.65
2.65
2.65
2.65
2.65
2.65
2.65
2.65
2.65
2.65
2.65
2.65
2.65
2.65
2.65
2.65
2.65
2.65
2.65
2.65
2.65
2.65
2.65
2.65
2.65
2.65
2.65
2.65
2.65
2.65
2.65
2.65
2.65
2.65
2.65
2.65
2.65
2.65
2.65
2.65
2.65
2.65
2.65
2.65
2.65
2.65
2.65
2.65
2.65
2.65
2.65
2.65
2.65
2.65
2.65
2.65
2.65
2.65
2.65
2.65
2.65
2.65
2.65
2.65
2.65
2.65
2.65
2.65
2.65
2.65
2.65
2.65
2.65
2.65
2.65
2.65
2.65
2.65
2.65
2.65
2.65
2.65
2.65
2.65
2.65
2.65
2.65
2.65
2.65
2.65
2.65
2.65
2.65
2.65
2.65
2.65
2.65
2.65
2.65
2.65
2.65
2.65
2.65
2.65
2.65
2.65
2.65
2.65
2.65
2.65
2.65
2.65
2.65
2.65
2.65
2.65
2.65
2.65
2.65
2.65
2.65
2.65
2.65
2.65
2.65
2.65
2.65
2.65
2.65
2.65
2.65
2.65
2.65
2.65
2.65
2.65
2.65
2.65
2.65
2.65
2.65
2.65
2.65
2.65
2.65
2.65
2.65
2.65
2.65
2.65
2.65
2.65
2.65
2.65
2.65
2.65
2.65
2.65
2.65
2.65
2.65
2.65
2.65
2.65
2.65
2.65
2.65
2.65
2.65
2.65
2.65
2.65
2.65
2.65
2.65
2.65
2.65
2.65
2.65
2.65
2.65
2.65
2.65
2.65
2.65
2.65
2.65
2.65
2.65
2.65
2.65
2.65
2.65
2.65
2.65
2.65
2.65
2.65
2.65
2.65
2.65
2.65
2.65
2.65
2.65
2.65
2.65
2.65
2.65
2.65
2.65
2.65
2.65
2.65
2.65
2.65
2.65
2.65
2.65
2.65
2.65
2.65
2.65
2.65
2.65
2.65
2.65
2.65
2.65
2.65
2.65
2.65
2.65
2.65
2.65
2.65
2.65
2.65
2.65
2.65
2.65
2.65
2.65
2.65
2.65
2.65
2.65
2.65
2.65
2.65
2.65
2.65
2.65
2.65
2.65
2.65
2.65
2.65
2.65
2.65
2.65
2.65
2.65
2.65
2.65
2.65
2.65
2.65
2.65
2.65
2.65
2.65
2.65
2.65
2.65
2.65
2.65
2.65
2.65
2.65
2.65
2.65
2.65
2.65
2.65
2.65
2.65
2.65
2.65
2.65
2.65
2.65
2.65
2.65
2.65
2.65
2.65
2.65
2.65
2.65
2.65
2.65
2.65
2.65
2.65
2.65
2.65
2.65
2.65
2.65
2.65
2.65
2.65
2.65
2.65
2.65
2.65
2.65
2.65
2.65
2.65
2.65
2.65
2.65
2.65
2.65
2.65
2.65
2.65
2.65
2.65
2.65
2.65
2.65
2.65
2.65
2.65
2.65
2.65
2.65
2.65
2.65
2.65
2.65
2.65
2.65
2.65
2.65
2.65
2.65
2.65
2.65
2.65
2.65
2.65
2.65
2.65
2.65
2.65
2.65
2.65
2.65
2.65
2.65
2.65
2.65
2.65
2.65
2.65
2.65
2.65
2.65
2.65
2.65
2.65
2.65
2.65
2.65
2.65
2.65
2.65
2.65
2.65
2.65
2.65
2.65
2.65
2.65
2.65
2.65
2.65
2.65
2.65
2.65
2.65
2.65
2.65
2.65
2.65
2.65
2.65
2.65
2.65
2.65
2.65
2.65
2.65
2.65
2.65
2.65
2.65
2.65
2.65
2.65
2.65
2.65
2.65
2.65
2.65
2.65
2.65
2.65
2.65
2.65
2.65
2.65
2.65
2.65
2.65
2.65
2.65
2.65
2.65
2.65
2.65
2.65
2.65
2.65
2.65
2.65
2.65
2.65
2.65
2.65
2.65
2.65
2.65
2.65
2.65
2.65
2.65
2.65
2.65
2.65
2.65
2.65
2.65
2.65
2.65
2.65
2.65
2.65
2.65
2.65
2.65
2.65
2.65
2.65
2.65
2.65
2.65
2.65
2.65
2.65
2.65
2.65
2.65
2.65
2.65
2.65
2.65
2.65
2.65
2.65
2.65
2.65
2.65
2.65
2.65
2.65
2.65
2.65
2.65
2.65
2.65
2.65
2.65
2.65
2.65
2.65
2.65
2.65
2.65
2.65
2.65
2.65
2.65
2.65
2.65
2.65
2.65
2.65
2.65
2.65
2.65
2.65
2.65
2.65
2.65
2.65
2.65
2.65
2.65
2.65
2.65
2.65
2.65
2.65
2.65
2.65
2.65
2.65
2.65
2.65
2.65
2.65
2.65
2.65
2.65
2.65
2.65
2.65
2.65
2.65
2.65
2.65
2.65
2.65
2.65
2.65
2.65
2.65
2.65
2.65
2.65
2.65
2.65
2.65
2.65
2.65
2.65
2.65
2.65
2.65
2.65
2.65
2.65
2.65
2.65
2.65
2.65
2.65
2.65
2.65
2.65
2.65
2.65
2.65
2.65
2.65
2.65
2.65
2.65
2.65
2.65
2.65
2.65
2.65
2.65
2.65
2.65
2.65
2.65
2.65
2.65
2.65
2.65
2.65
2.65
2.65
2.65
2.65
2.65
2.65
2.65
2.65
2.65
2.65
2.65
2.65
2.65
2.65
2.65
2.65
2.65
2.65
2.65
2.65
2.65
2.65
2.65
2.65
2.65
2.65
2.65
2.65
2.65
2.65
2.65
2.65
2.65
2.65
2.65
2.65
2.65
2.65
2.65
2.65
2.65
2.65
2.65
2.65
2.65
2.65
2.65
2.65
2.65
2.65
2.65
2.65
2.65
2.65
2.65
2.65
2.65
2.65
2.65
2.65
2.65
2.65
2.65
2.65
2.65
2.65
2.65
2.65
2.65
2.65
2.65
2.65
2.65
2.65
2.65
2.65
2.65
2.65
2.65
2.65
2.65
2.65
2.65
2.65
2.65
2.65
2.65
2.65
2.65
2.65
2.65
2.65
2.65
2.65
2.65
2.65
2.65
2.65
2.65
2.65
2.65
2.65
2.65
2.65
2.65
2.65
2.65
2.65
2.65
2.65
2.65
2.65
2.65
2.65
2.65
2.65
2.65
2.65
2.65
2.65
2.65
2.65
2.65
2.65
2.65
2.65
2.65
2.65
2.65
2.65
2.65
2.65
2.65
2.65
2.65
2.65
2.65
2.65
2.65
2.65
2.65
2.65
2.65
2.65
2.65
2.65
2.65
2.65
2.65
2.65
2.65
2.65
2.65
2.65
2.65
2.65
2.65
2.65
2.65
2.65
2.65
2.65
2.65
2.65
2.65
2.65
2.65
2.65
2.65
2.65
2.65
2.65
2.65
2.65
2.65
2.65
2.65
2.65
2.65
2.65
2.65
2.65
2.65
2.65
2.65
2.65
2.65
2.65
2.65
2.65
2.65
2.65
2.65
2.65
2.65
2.65
2.65
2.65
2.65
2.65
2.65
2.65
2.65
2.65
2.65
2.65
2.65
2.65
2.65
2.65
2.65
2.65
2.65
2.65
2.65
2.65
2.65
2.65
2.65
2.65
2.65
2.65
2.65
2.65
2.65
2.65
2.65
2.65
2.65
2.65
2.65
2.65
2.65
2.65
2.65
2.65
2.65
2.65
2.65
2.65
2.65
2.65
2.65
2.65
2.65
2.65
2.65
2.65
2.65
2.65
2.65
2.65
2.65
2.65
2.65
2.65
2.65
2.65
2.65
2.65
2.65
2.65
2.65
2.65
2.65
2.65
2.65
2.65
2.65
2.65
2.65
2.65
2.65
2.65
2.65
2.65
2.65
2.65
2.65
2.65
2.65
2.65
2.65
2.65
2.65
2.65
2.65
2.65
2.65
2.65
2.65
2.65
2.65
2.65
2.65
2.65
2.65
2.65
2.65
2.65
2.65
2.65
2.65
2.65
2.65
2.65
2.65
2.65
2.65
2.65
2.65
2.65
2.65
2.65
2.65
2.65
2.65
2.65
2.65
2.65
2.65
2.65
2.65
2.65
2.65
2.65
2.65
2.65
2.65
2.65
2.65
2.65
2.65
2.65
2.65
2.65
2.65
2.65
2.65
2.65
2.65
2.65
2.65
2.65
2.65
2.65
2.65
2.65
2.65
2.65
2.65
2.65
2.65
2.65
2.65
2.65
2.65
2.65
2.65
2.65
2.65
2.65
2.65
2.65
2.65
2.65
2.65
2.65
2.65
2.65
2.65
2.65
2.65
2.65
2.65
2.65
2.65
2.65
2.65
2.65
2.65
2.65
2.65
2.65
2.65
2.65
2.65
2.65
2.65
2.65
2.65
2.65
2.65
2.65
2.65
2.65
2.65
2.65
2.65
2.65
2.65
2.65
2.65
2.65
2.65
2.65
2.65
2.65
2.65
2.65
2.65
2.65
2.65
2.65
2.65
2.65
2.65
2.65
2.65
2.65
2.65
2.65
2.65
2.65
