3.91
3.35
2.80
2.25
1.69
1.11
0.51
-0.06
-0.64
-0.82
-0.80
-0.38
0.59
1.19
1.37
1.56
1.68
1.84
1.99
2.15
2.31
2.46
2.60
2.73
2.84
2.95
3.04
2.86
2.84
2.59
2.52
2.50
2.43
2.91
3.02
3.20
3.39
3.53
3.78
3.79
4.07
3.69
3.94
3.51
3.57
3.18
3.16
2.86
2.77
2.51
2.39
2.16
2.04
1.83
1.72
1.52
1.44
1.25
1.19
1.04
1.01
0.92
0.92
0.86
0.89
0.89
0.79
0.72
0.64
0.65
0.59
0.60
0.55
0.57
0.54
0.57
0.54
0.58
0.56
0.60
0.58
0.62
0.61
0.65
0.65
0.68
0.63
0.72
0.62
0.75
0.64
0.68
0.61
0.63
0.62
0.63
0.62
0.63
0.62
0.63
0.61
0.62
0.60
0.60
0.59
0.59
0.54
0.47
0.44
0.35
0.34
0.37
0.41
0.42
0.41
0.42
0.40
0.39
0.37
0.37
0.35
0.35
0.33
0.31
0.28
0.28
0.26
0.25
0.23
0.22
0.20
0.18
0.16
0.14
0.12
0.10
0.08
0.06
0.03
0.01
-0.01
-0.03
-0.05
-0.07
-0.08
-0.10
-0.12
-0.15
-0.16
-0.19
-0.20
-0.22
-0.24
-0.26
-0.27
-0.29
-0.29
-0.28
-0.28
-0.30
-0.29
-0.28
-0.28
-0.29
-0.28
-0.26
-0.25
-0.23
-0.19
-0.16
-0.13
-0.09
-0.07
-0.04
-0.02
0.01
0.04
0.05
0.05
0.06
0.06
0.06
0.05
0.05
0.04
0.03
0.03
0.03
0.03
0.03
0.03
0.04
0.04
0.06
0.09
0.13
0.18
0.19
0.19
0.18
0.17
0.16
0.14
0.13
0.12
0.12
0.11
0.11
0.10
0.10
0.09
0.09
0.09
0.09
0.08
0.08
0.07
0.07
0.07
0.07
0.06
0.07
0.06
0.06
0.06
0.07
0.09
0.09
0.11
0.12
0.11
0.10
0.09
0.08
0.08
0.07
0.07
0.06
0.06
0.05
0.05
0.04
0.04
0.04
0.03
0.03
0.03
0.03
0.03
0.03
0.03
0.03
0.03
0.02
0.02
0.02
0.02
0.02
0.02
0.02
0.02
0.01
0.01
0.01
0.01
0.01
0.01
0.01
0.01
0.01
0.01
0.01
0.00
0.00
0.00
0.00
-0.00
-0.00
-0.00
-0.00
-0.00
-0.01
-0.01
-0.01
-0.01
-0.01
-0.01
-0.01
-0.01
-0.01
-0.01
-0.01
-0.01
-0.01
-0.01
-0.01
-0.01
-0.01
-0.00
0.00
0.01
0.01
-0.00
0.01
0.00
0.01
0.02
0.01
0.02
0.01
0.02
0.02
0.03
0.02
0.03
0.03
0.03
0.03
0.02
0.02
0.03
0.02
0.02
0.02
0.02
0.02
0.01
0.01
0.01
0.01
0.01
0.00
0.00
0.00
-0.00
-0.00
-0.00
-0.01
-0.01
-0.01
-0.01
-0.02
-0.02
-0.02
-0.02
-0.02
-0.03
-0.02
-0.03
-0.04
-0.02
-0.02
-0.03
-0.04
-0.03
-0.03
-0.04
-0.05
-0.02
-0.03
-0.04
-0.06
-0.03
-0.05
-0.02
-0.04
-0.05
-0.07
-0.04
-0.06
-0.02
-0.06
0.01
-0.03
-0.00
-0.04
0.02
-0.01
-0.01
-0.03
0.02
-0.01
-0.02
-0.04
-0.00
-0.03
-0.00
-0.03
-0.01
-0.04
0.01
-0.02
0.02
-0.01
0.00
-0.02
0.01
-0.02
0.02
-0.01
0.01
-0.02
0.01
-0.01
0.01
-0.02
0.01
-0.01
0.01
-0.03
-0.00
-0.03
0.01
-0.03
0.03
-0.00
0.01
-0.02
0.03
-0.00
0.02
-0.01
0.01
-0.02
0.00
-0.03
0.01
-0.03
0.03
-0.01
0.01
-0.02
0.03
-0.00
0.01
-0.02
0.01
-0.02
0.04
-0.01
0.01
-0.02
0.03
-0.01
0.01
-0.01
0.01
-0.02
0.00
-0.03
0.02
-0.02
0.02
-0.01
0.04
-0.00
-0.01
-0.04
0.01
-0.02
0.01
-0.03
0.01
-0.02
0.01
-0.03
0.00
-0.03
0.03
-0.01
-0.01
-0.05
0.02
-0.02
0.02
-0.02
0.02
-0.02
0.01
-0.02
0.02
-0.02
0.02
-0.02
0.02
-0.02
0.02
-0.02
0.03
-0.01
0.01
-0.02
0.04
-0.01
0.03
-0.00
0.02
-0.01
0.01
-0.02
0.04
-0.01
0.01
-0.01
0.04
-0.01
0.00
-0.03
0.01
-0.03
0.03
-0.02
0.02
-0.02
0.04
-0.01
0.01
-0.02
0.02
-0.01
0.02
-0.01
0.01
-0.02
0.02
-0.01
0.03
-0.01
0.00
-0.02
0.03
-0.01
0.01
-0.02
0.00
-0.03
0.02
-0.03
0.01
-0.02
0.03
-0.01
0.01
-0.03
0.02
-0.02
0.02
-0.01
0.03
-0.01
0.01
-0.02
0.04
-0.01
0.03
-0.01
0.01
-0.02
0.01
-0.02
0.03
-0.01
0.00
-0.03
0.02
-0.02
0.03
-0.01
0.02
-0.01
0.01
-0.02
0.03
-0.01
0.03
-0.00
-0.00
-0.03
0.03
-0.01
0.00
-0.03
0.01
-0.03
0.01
-0.03
0.02
-0.02
0.03
0.00
0.00
-0.03
0.01
-0.03
0.02
-0.02
0.04
-0.00
0.02
-0.02
0.02
-0.02
0.02
-0.02
0.04
-0.01
0.02
-0.02
0.04
0.00
0.00
-0.03
0.03
-0.01
0.01
-0.02
0.02
-0.02
0.02
-0.02
0.03
-0.01
0.01
-0.02
0.04
-0.01
0.02
-0.01
0.03
-0.00
0.00
-0.02
0.04
-0.01
0.00
-0.02
0.04
-0.01
0.00
-0.02
0.04
-0.01
0.01
-0.01
0.02
-0.02
0.01
-0.02
0.03
-0.01
0.01
-0.02
0.02
-0.01
0.01
-0.02
0.01
-0.02
0.03
-0.01
0.01
-0.02
0.03
-0.01
0.01
-0.02
0.03
-0.01
0.01
-0.01
0.02
-0.01
0.01
-0.03
0.03
-0.01
0.01
-0.02
0.01
-0.02
0.02
-0.02
0.02
-0.01
0.03
-0.01
0.01
-0.02
0.02
-0.01
0.00
-0.03
0.01
-0.02
0.03
-0.01
0.02
-0.02
0.02
-0.01
0.00
-0.03
0.02
-0.02
0.02
-0.01
0.02
-0.01
0.01
-0.02
0.02
-0.02
0.01
-0.02
0.04
-0.01
-0.00
-0.03
0.02
-0.02
0.01
-0.02
0.02
-0.02
0.02
-0.01
0.01
-0.02
0.02
-0.01
0.02
-0.02
0.01
-0.02
0.04
-0.01
0.01
-0.03
0.02
-0.01
0.02
-0.01
0.01
-0.03
0.02
-0.02
0.03
-0.01
0.01
-0.01
0.01
-0.02
0.01
-0.03
0.03
-0.01
0.01
-0.02
0.03
-0.01
0.02
-0.01
0.01
-0.02
0.02
-0.02
0.03
-0.01
0.03
-0.00
-0.01
-0.04
0.02
-0.01
0.03
-0.01
-0.00
-0.03
0.02
-0.01
0.01
-0.02
0.02
-0.01
0.02
-0.02
0.03
-0.01
0.00
-0.02
0.03
-0.02
0.01
-0.02
0.02
-0.02
0.02
-0.02
0.01
-0.01
0.03
-0.02
0.01
-0.02
0.02
-0.02
0.02
-0.02
0.03
-0.01
0.01
-0.02
0.04
-0.01
0.01
-0.02
0.04
-0.01
0.01
-0.02
0.02
-0.01
0.01
-0.02
0.03
-0.01
0.01
-0.02
0.04
-0.00
0.01
-0.01
0.01
-0.02
0.02
-0.01
0.01
-0.02
0.01
-0.01
0.02
-0.02
0.01
-0.01
0.03
-0.01
0.01
-0.02
0.03
-0.01
0.00
-0.03
0.00
-0.02
0.03
-0.01
0.01
-0.02
0.02
-0.01
0.01
-0.02
0.02
-0.01
0.02
-0.02
0.01
-0.01
0.02
-0.02
0.01
-0.01
0.00
-0.03
-0.00
-0.03
0.01
-0.03
0.03
-0.01
0.00
-0.03
0.03
-0.01
0.01
-0.02
0.01
-0.02
0.02
-0.02
0.02
-0.02
0.03
-0.01
0.01
-0.02
0.02
-0.02
0.03
-0.01
0.01
-0.02
0.01
-0.02
0.03
-0.01
0.01
-0.03
0.03
-0.01
-0.00
-0.03
0.03
-0.01
0.01
-0.01
0.02
-0.02
0.01
-0.02
0.03
-0.01
0.02
-0.02
0.03
-0.00
-0.00
-0.03
0.03
-0.01
0.02
-0.01
0.01
-0.02
0.01
-0.02
0.02
-0.01
0.02
-0.02
0.03
-0.01
0.01
-0.03
0.01
-0.02
0.03
-0.01
0.01
-0.03
0.03
-0.00
-0.00
-0.03
0.03
-0.01
0.02
-0.02
0.01
-0.02
0.01
-0.02
0.04
-0.01
0.01
-0.02
0.02
-0.01
0.02
-0.01
0.01
-0.03
0.03
-0.00
-0.00
-0.03
0.03
-0.01
-0.00
-0.02
0.03
-0.01
0.00
-0.03
0.02
-0.01
0.02
-0.01
0.02
-0.02
0.01
-0.02
0.01
-0.02
0.03
-0.01
0.01
-0.02
0.02
-0.02
0.02
-0.02
0.03
-0.02
0.01
-0.01
0.03
-0.02
0.00
-0.03
0.03
-0.02
0.01
-0.02
0.03
-0.01
0.02
-0.02
0.03
-0.01
0.02
-0.01
0.02
-0.01
0.01
-0.02
0.01
-0.02
0.02
-0.01
0.01
-0.01
0.01
-0.02
0.02
-0.01
0.01
-0.02
0.03
-0.01
0.02
-0.02
0.02
-0.01
0.01
-0.02
0.02
-0.01
0.01
-0.02
0.02
-0.01
0.01
-0.02
0.02
-0.02
0.02
-0.01
0.01
-0.03
0.01
-0.02
0.01
-0.02
0.03
-0.02
0.02
-0.01
0.03
-0.00
0.01
-0.02
0.02
-0.01
0.02
-0.02
0.02
-0.01
0.01
-0.02
0.03
-0.01
0.02
-0.01
0.02
-0.02
0.01
-0.01
0.03
-0.01
0.00
-0.03
0.01
-0.02
0.03
-0.01
0.01
-0.01
0.02
-0.02
0.02
-0.01
0.02
-0.02
0.03
-0.00
0.01
-0.02
0.01
-0.01
0.03
-0.01
0.01
-0.02
0.03
-0.01
0.01
-0.02
0.02
-0.02
0.02
-0.01
0.01
-0.02
0.01
-0.02
0.03
-0.02
0.01
-0.02
0.03
-0.01
0.01
-0.01
0.02
-0.02
0.01
-0.01
0.01
-0.02
0.01
-0.02
0.02
-0.01
0.01
-0.03
0.02
-0.01
0.01
-0.02
0.01
-0.02
0.03
-0.01
0.03
-0.01
0.01
-0.02
0.03
-0.01
0.01
-0.02
0.02
-0.02
0.03
-0.01
0.01
-0.02
0.03
-0.00
-0.00
-0.03
0.03
-0.01
0.01
-0.01
0.02
-0.02
0.02
-0.01
0.02
-0.02
0.02
-0.01
0.01
-0.02
0.02
-0.00
0.01
-0.02
0.01
-0.02
0.02
-0.02
0.01
-0.01
0.01
-0.03
0.02
-0.01
0.01
-0.03
0.02
-0.02
0.01
-0.02
0.03
-0.01
0.01
-0.03
0.03
-0.00
-0.01
-0.03
0.03
-0.02
0.02
-0.01
0.01
-0.02
0.02
-0.01
0.03
-0.01
0.01
-0.02
0.03
-0.01
0.01
-0.02
0.02
-0.01
0.02
-0.01
0.01
-0.02
0.03
-0.01
0.01
-0.01
0.02
-0.01
0.01
-0.01
0.01
-0.02
0.02
-0.02
0.03
-0.01
0.03
-0.00
-0.01
-0.03
0.02
-0.01
0.03
-0.01
-0.00
-0.03
0.01
-0.02
0.03
-0.01
0.02
-0.02
0.01
-0.01
0.02
-0.02
0.01
-0.02
0.03
-0.01
0.01
-0.03
0.03
-0.01
0.01
-0.02
0.01
-0.01
0.02
-0.02
0.01
-0.02
0.04
-0.01
0.00
-0.02
0.04
-0.01
0.01
-0.02
0.03
-0.01
0.01
-0.01
0.02
-0.01
0.02
-0.01
0.02
-0.01
0.02
-0.02
0.01
-0.01
0.03
-0.01
0.01
-0.01
0.02
-0.01
0.01
-0.02
0.01
-0.02
0.01
-0.01
0.01
-0.02
0.02
-0.01
0.01
-0.02
0.04
-0.01
0.01
-0.02
0.03
-0.00
0.01
-0.02
0.02
-0.02
0.02
-0.01
0.01
-0.02
0.03
-0.01
0.01
-0.02
0.03
-0.01
0.01
-0.02
0.02
-0.01
0.01
-0.02
0.02
-0.01
0.02
-0.01
0.02
-0.02
0.01
-0.02
0.03
-0.01
0.01
-0.02
0.02
-0.01
0.02
-0.02
0.02
-0.01
0.01
-0.02
0.01
-0.01
0.02
-0.01
-0.00
-0.04
0.02
-0.02
0.00
-0.02
0.04
-0.01
-0.01
-0.03
0.03
-0.01
0.01
-0.02
0.02
-0.01
0.02
-0.01
0.02
-0.01
0.01
-0.03
0.02
-0.01
0.01
-0.02
0.03
-0.01
0.00
-0.03
0.01
-0.03
0.01
-0.02
0.03
-0.01
0.01
-0.02
0.04
-0.01
0.02
-0.01
0.02
-0.01
0.02
-0.02
0.02
-0.00
0.00
-0.03
0.00
-0.02
0.03
-0.01
0.02
-0.01
0.02
-0.01
0.02
-0.01
0.01
-0.02
0.04
-0.00
0.01
-0.01
0.01
-0.02
0.02
-0.01
0.01
-0.02
0.03
-0.01
0.02
-0.01
0.01
-0.02
0.02
-0.02
0.02
-0.01
0.00
-0.02
0.03
-0.01
0.02
-0.00
0.01
-0.01
0.01
-0.01
0.02
-0.01
0.02
-0.00
-0.01
-0.02
0.01
-0.02
0.00
-0.02
0.00
-0.02
0.02
-0.01
0.01
-0.02
0.02
-0.00
0.01
-0.03
0.01
-0.03
0.01
-0.02
0.01
-0.02
0.02
-0.01
0.03
-0.01
0.00
-0.03
