2.39
2.03
2.18
2.10
2.20
2.18
2.28
2.27
2.35
2.30
2.36
2.32
2.35
2.31
2.36
2.45
2.49
2.64
2.49
2.10
1.75
1.46
1.28
1.12
1.00
0.89
0.80
0.70
0.60
0.48
0.46
0.33
-0.03
-0.54
-0.93
-1.23
-1.46
-1.58
-1.66
-1.71
-1.70
-1.65
-1.63
-1.60
-1.57
-1.55
-1.51
-1.50
-1.47
-1.47
-1.43
-1.47
-1.40
-1.41
-1.38
-1.33
-1.38
-1.49
-1.42
-1.77
-1.52
-1.92
-1.55
-1.92
-1.49
-1.89
-1.59
-1.94
-1.66
-1.82
-1.66
-1.73
-1.57
-1.50
-1.45
-1.38
-1.49
-1.21
-1.08
-0.86
-0.74
-0.55
-0.45
-0.56
-0.75
-0.85
-0.95
-1.02
-1.08
-1.13
-1.20
-1.28
-1.35
-1.40
-1.45
-1.49
-1.52
-1.55
-1.57
-1.59
-1.53
-1.48
-1.44
-1.42
-1.41
-1.40
-1.40
-1.40
-1.40
-1.41
-1.41
-1.41
-1.38
-1.38
-1.35
-1.34
-1.31
-1.29
-1.26
-1.24
-1.21
-1.19
-1.15
-1.13
-1.09
-1.07
-1.02
-1.01
-0.96
-0.96
-0.91
-0.91
-0.88
-0.88
-0.85
-0.85
-0.83
-0.82
-0.80
-0.80
-0.82
-0.85
-0.87
-0.92
-0.89
-1.01
-0.92
-1.12
-0.90
-1.21
-0.93
-1.24
-0.94
-1.23
-0.92
-1.25
-0.90
-1.23
-0.88
-1.19
-0.84
-1.17
-0.84
-0.97
-0.75
-0.92
-0.71
-0.87
-0.62
-0.90
-0.63
-0.83
-0.59
-0.73
-0.52
-0.62
-0.44
-0.60
-0.41
-0.50
-0.35
-0.42
-0.31
-0.35
-0.26
-0.27
-0.20
-0.19
-0.13
-0.10
-0.06
-0.02
0.03
0.07
0.12
0.17
0.21
0.26
0.31
0.36
0.41
0.47
0.51
0.57
0.62
0.68
0.73
0.72
0.71
0.66
0.67
0.78
0.02
0.07
0.23
0.38
0.49
0.55
0.49
0.42
0.35
0.29
0.23
0.18
0.14
0.10
0.05
0.00
-0.05
-0.10
-0.15
-0.19
-0.24
-0.29
-0.32
-0.36
-0.38
-0.41
-0.42
-0.44
-0.44
-0.45
-0.45
-0.46
-0.45
-0.46
-0.44
-0.45
-0.43
-0.44
-0.42
-0.43
-0.40
-0.42
-0.39
-0.41
-0.43
-0.41
-0.44
-0.42
-0.40
-0.40
-0.40
-0.42
-0.37
-0.41
-0.36
-0.43
-0.37
-0.48
-0.36
-0.54
-0.37
-0.57
-0.37
-0.56
-0.35
-0.52
-0.33
-0.49
-0.33
-0.46
-0.34
-0.44
-0.33
-0.41
-0.31
-0.38
-0.29
-0.34
-0.25
-0.25
-0.21
-0.22
-0.17
-0.18
-0.14
-0.14
-0.11
-0.11
-0.08
-0.08
-0.06
-0.06
-0.04
-0.04
-0.02
-0.02
-0.01
-0.01
-0.00
-0.00
0.00
0.01
0.02
0.04
0.04
0.08
0.07
0.13
0.11
0.18
0.15
0.25
0.20
0.32
0.25
0.39
0.31
0.47
0.37
0.54
0.43
0.61
0.48
0.68
0.54
0.74
0.59
0.80
0.64
0.86
0.70
0.92
0.75
0.98
0.81
1.04
0.86
1.09
0.92
1.14
0.98
1.16
1.02
1.20
1.05
1.25
1.09
1.29
1.13
1.32
1.16
1.35
1.18
1.39
1.20
1.42
1.22
1.44
1.23
1.46
1.23
1.47
1.22
1.47
1.20
1.43
1.17
1.32
1.16
1.21
1.02
1.10
0.90
0.95
0.76
0.77
0.59
0.57
0.41
0.35
0.20
0.10
-0.03
-0.16
-0.28
-0.44
-0.57
-0.74
-0.89
-1.05
-1.21
-1.33
-1.53
-1.59
-1.75
-1.63
-1.72
-1.55
-1.66
-1.40
-1.41
-1.11
-1.07
-0.73
-0.61
-0.25
-0.15
-0.70
-1.13
-1.42
-1.73
-2.00
-2.27
-2.52
-2.77
-3.01
-3.25
-3.47
-3.68
-3.72
0.21
0.12
0.17
0.20
0.23
0.22
0.23
0.21
0.20
0.17
0.17
0.13
0.12
0.08
0.08
0.05
0.04
0.02
0.01
-0.00
-0.01
-0.02
-0.03
-0.04
-0.05
-0.05
-0.07
-0.09
-0.10
-0.10
-0.11
-0.13
-0.14
-0.13
-0.16
-0.16
-0.18
-0.18
-0.20
-0.20
-0.22
-0.23
-0.24
-0.25
-0.26
-0.27
-0.27
-0.29
-0.30
-0.31
-0.30
-0.33
-0.33
-0.35
-0.36
-0.38
-0.35
-0.39
-0.38
-0.42
-0.39
-0.43
-0.42
-0.49
-0.45
-0.52
-0.49
-0.59
-0.48
-0.70
-0.51
-0.78
-0.52
-0.82
-0.52
-0.85
-0.51
-0.86
-0.52
-0.88
-0.53
-0.89
-0.54
-0.74
-0.52
-0.75
-0.53
-0.78
-0.54
-0.84
-0.58
-0.95
-0.60
-0.96
-0.59
-0.97
-0.60
-0.99
-0.61
-1.01
-0.61
-1.01
-0.64
-1.03
-0.65
-1.06
-0.67
-1.08
-0.68
-1.10
-0.70
-1.13
-0.71
-1.15
-0.73
-1.18
-0.75
-1.20
-0.78
-1.23
-0.81
-1.26
-0.83
-1.29
-0.86
-1.32
-0.89
-1.35
-0.91
-1.35
-0.93
-1.36
-0.94
-1.36
-0.96
-1.37
-0.98
-1.37
-1.00
-1.38
-1.02
-1.38
-1.03
-1.39
-1.05
-1.40
-1.06
-1.41
-1.08
-1.41
-1.09
-1.42
-1.12
-1.39
-1.12
-1.38
-1.11
-1.40
-1.11
-1.40
-1.12
-1.39
-1.12
-1.39
-1.11
-1.39
-1.11
-1.40
-1.11
-1.40
-1.10
-1.40
-1.10
-1.40
-1.09
-1.40
-1.08
-1.39
-1.08
-1.39
-1.07
-1.39
-1.06
-1.37
-1.04
-1.34
-1.02
-1.31
-0.99
-1.26
-1.03
-1.13
-0.91
-1.08
-0.87
-1.03
-0.82
-0.96
-0.77
-0.90
-0.72
-0.85
-0.60
-0.82
-0.57
-0.76
-0.53
-0.61
-0.41
-0.51
-0.34
-0.38
-0.25
-0.30
-0.18
-0.18
-0.10
-0.10
-0.03
0.01
0.05
0.12
0.15
0.24
0.27
0.38
0.40
0.51
0.54
0.64
0.69
0.77
0.82
0.81
0.82
0.84
0.89
1.00
1.06
1.04
1.05
1.21
1.19
1.20
1.22
1.41
1.41
1.41
1.43
0.12
-0.00
0.06
0.18
0.22
0.30
0.29
0.34
0.31
0.35
0.36
0.36
0.33
0.31
0.28
0.26
0.22
0.21
0.18
0.16
0.13
0.10
0.08
0.05
0.03
0.00
-0.02
-0.05
-0.06
-0.09
-0.11
-0.13
-0.14
-0.16
-0.17
-0.19
-0.20
-0.21
-0.23
-0.24
-0.24
-0.26
-0.26
-0.27
-0.29
-0.29
-0.29
-0.31
-0.31
-0.32
-0.34
-0.34
-0.33
-0.36
-0.35
-0.36
-0.37
-0.36
-0.39
-0.38
-0.42
-0.38
-0.48
-0.40
-0.51
-0.40
-0.56
-0.42
-0.59
-0.41
-0.60
-0.39
-0.60
-0.37
-0.58
-0.36
-0.57
-0.35
-0.54
-0.33
-0.44
-0.31
-0.43
-0.30
-0.41
-0.29
-0.40
-0.28
-0.44
-0.29
-0.42
-0.26
-0.38
-0.23
-0.34
-0.20
-0.30
-0.18
-0.27
-0.16
-0.23
-0.14
-0.19
-0.11
-0.14
-0.08
-0.10
-0.05
-0.04
-0.01
0.01
0.03
0.07
0.07
0.13
0.11
0.19
0.16
0.25
0.21
0.32
0.26
0.38
0.31
0.44
0.36
0.51
0.41
0.57
0.46
0.63
0.51
0.70
0.57
0.76
0.62
0.82
0.67
0.89
0.74
0.93
0.79
0.98
0.83
1.03
0.87
1.09
0.92
1.14
0.96
1.19
1.00
1.24
1.03
1.29
1.07
1.33
1.10
1.38
1.13
1.42
1.16
1.46
1.18
1.49
1.20
1.51
1.21
1.47
1.30
1.39
1.21
1.37
1.14
1.31
1.09
1.24
1.02
1.15
0.94
1.05
0.85
0.95
0.67
0.85
0.59
0.70
0.46
0.46
0.31
0.26
0.15
0.09
-0.01
-0.10
-0.16
-0.27
-0.30
-0.48
-0.50
-0.61
-0.65
-0.80
-0.86
-1.00
-1.08
-1.23
-1.31
-1.47
-1.55
-1.72
-1.80
-1.99
-2.07
-2.26
-2.35
-2.55
-2.47
-2.32
-2.41
-2.69
-2.82
-3.07
-2.99
-2.93
-0.01
-0.11
0.03
0.10
0.19
0.21
0.27
0.26
0.29
0.30
0.31
0.28
0.28
0.25
0.24
0.20
0.19
0.16
0.15
0.13
0.11
0.08
0.07
0.04
0.03
0.01
-0.01
-0.02
-0.04
-0.05
-0.06
-0.08
-0.08
-0.10
-0.11
-0.12
-0.13
-0.14
-0.15
-0.16
-0.17
-0.19
-0.19
-0.21
-0.21
-0.24
-0.22
-0.25
-0.24
-0.28
-0.27
-0.28
-0.30
-0.31
-0.33
-0.33
-0.35
-0.36
-0.37
-0.36
-0.39
-0.39
-0.41
-0.40
-0.43
-0.43
-0.47
-0.46
-0.46
-0.49
-0.49
-0.51
-0.50
-0.54
-0.52
-0.59
-0.54
-0.68
-0.59
-0.72
-0.58
-0.81
-0.64
-0.87
-0.65
-0.95
-0.66
-0.98
-0.65
-1.01
-0.65
-1.03
-0.65
-1.04
-0.64
-1.05
-0.64
-1.06
-0.62
-0.91
-0.64
-0.96
-0.67
-1.02
-0.67
-1.15
-0.73
-1.17
-0.73
-1.18
-0.73
-1.17
-0.73
-1.19
-0.74
-1.20
-0.76
-1.23
-0.79
-1.25
-0.82
-1.28
-0.85
-1.31
-0.88
-1.34
-0.91
-1.36
-0.94
-1.37
-0.95
-1.38
-0.97
-1.39
-0.99
-1.40
-1.00
-1.41
-1.02
-1.42
-1.03
-1.42
-1.04
-1.43
-1.06
-1.43
-1.06
-1.43
-1.07
-1.44
-1.08
-1.44
-1.09
-1.45
-1.10
-1.45
-1.10
-1.45
-1.11
-1.46
-1.12
-1.45
-1.13
-1.42
-1.11
-1.42
-1.10
-1.44
-1.11
-1.44
-1.12
-1.43
-1.11
-1.42
-1.10
-1.42
-1.10
-1.42
-1.09
-1.42
-1.09
-1.41
-1.08
-1.39
-1.06
-1.37
-1.05
-1.35
-1.10
-1.18
-0.94
-1.14
-0.91
-1.09
-0.87
-1.04
-0.83
-1.06
-0.75
-0.99
-0.76
-0.87
-0.70
-0.80
-0.64
-0.73
-0.54
-0.65
-0.45
-0.60
-0.41
-0.47
-0.31
-0.39
-0.25
-0.30
-0.18
-0.18
-0.09
-0.06
-0.00
0.06
0.09
0.19
0.21
0.34
0.35
0.49
0.51
0.54
0.59
0.63
0.66
0.63
0.66
0.70
0.73
0.87
0.92
1.04
1.09
1.21
1.24
1.14
1.08
1.28
1.33
1.29
1.28
1.53
1.54
0.12
-0.00
0.08
0.19
0.22
0.30
0.30
0.35
0.31
0.35
0.30
0.32
0.32
0.30
0.27
0.26
0.22
0.20
0.16
0.14
0.11
0.08
0.06
0.03
0.00
-0.03
-0.05
-0.07
-0.09
-0.11
-0.13
-0.14
-0.17
-0.17
-0.20
-0.20
-0.21
-0.24
-0.22
-0.25
-0.24
-0.27
-0.27
-0.29
-0.29
-0.31
-0.31
-0.30
-0.33
-0.31
-0.34
-0.33
-0.36
-0.36
-0.35
-0.38
-0.37
-0.37
-0.39
-0.39
-0.39
-0.46
-0.39
-0.52
-0.40
-0.56
-0.41
-0.60
-0.41
-0.61
-0.39
-0.60
-0.37
-0.58
-0.36
-0.56
-0.35
-0.53
-0.32
-0.43
-0.31
-0.42
-0.29
-0.40
-0.28
-0.43
-0.29
-0.43
-0.26
-0.40
-0.25
-0.38
-0.23
-0.34
-0.21
-0.31
-0.18
-0.27
-0.17
-0.23
-0.14
-0.20
-0.12
-0.15
-0.09
-0.11
-0.06
-0.06
-0.02
-0.01
0.02
0.05
0.06
0.11
0.10
0.18
0.15
0.24
0.20
0.31
0.25
0.37
0.30
0.43
0.35
0.50
0.40
0.56
0.45
0.63
0.51
0.69
0.56
0.75
0.62
0.82
0.67
0.88
0.73
0.94
0.79
0.98
0.83
1.03
0.87
1.08
0.91
1.14
0.96
1.18
1.00
1.23
1.04
1.28
1.07
1.32
1.11
1.37
1.14
1.41
1.16
1.44
1.18
1.48
1.20
1.50
1.22
1.51
1.32
1.36
1.16
1.36
1.12
1.30
1.07
1.23
1.01
1.23
0.90
1.12
0.86
0.94
0.76
0.80
0.63
0.65
0.44
0.51
0.33
0.29
0.17
0.11
0.01
-0.07
-0.13
-0.25
-0.29
-0.46
-0.48
-0.65
-0.69
-0.83
-0.90
-1.04
-1.13
-1.27
-1.36
-1.51
-1.59
-1.76
-1.84
-2.02
-1.97
-1.92
-2.02
-2.26
-2.36
-2.60
-2.70
-2.65
-2.58
-2.94
-2.99
-2.99
-0.04
-0.12
0.01
0.07
0.16
0.18
0.24
0.23
0.27
0.28
0.28
0.26
0.25
0.22
0.21
0.18
0.17
0.14
0.12
0.09
0.08
0.06
0.04
0.02
0.01
-0.01
-0.03
-0.04
-0.05
-0.07
-0.08
-0.09
-0.10
-0.12
-0.12
-0.14
-0.14
-0.16
-0.16
-0.18
-0.18
-0.20
-0.19
-0.22
-0.22
-0.25
-0.25
-0.25
-0.28
-0.27
-0.30
-0.29
-0.32
-0.31
-0.35
-0.34
-0.35
-0.38
-0.38
-0.38
-0.41
-0.41
-0.42
-0.44
-0.43
-0.46
-0.46
-0.48
-0.49
-0.51
-0.51
-0.49
-0.60
-0.52
-0.67
-0.55
-0.74
-0.60
-0.79
-0.59
-0.88
-0.63
-0.93
-0.63
-0.97
-0.62
-0.98
-0.62
-1.00
-0.61
-1.01
-0.61
-0.94
-0.69
-0.95
-0.70
-0.96
-0.71
-0.98
-0.70
-1.10
-0.69
-1.12
-0.71
-1.16
-0.77
-1.18
-0.75
-1.20
-0.77
-1.23
-0.80
-1.20
-0.82
-1.25
-0.84
-1.25
-0.86
-1.29
-0.88
-1.29
-0.90
-1.32
-0.92
-1.33
-0.94
-1.35
-0.96
-1.36
-0.98
-1.37
-1.00
-1.38
-1.02
-1.40
-1.03
-1.40
-1.05
-1.41
-1.06
-1.42
-1.07
-1.42
-1.08
-1.43
-1.09
-1.44
-1.10
-1.45
-1.11
-1.46
-1.13
-1.44
-1.14
-1.43
-1.13
-1.44
-1.13
-1.45
-1.14
-1.45
-1.14
-1.44
-1.14
-1.44
-1.13
-1.45
-1.13
-1.45
-1.13
-1.44
-1.13
-1.44
-1.12
-1.44
-1.11
-1.44
-1.11
-1.43
-1.10
-1.40
-1.08
-1.35
-1.13
-1.24
-1.03
-1.22
-0.98
-1.17
-0.94
-1.11
-0.90
-1.05
-0.85
-1.01
-0.71
-0.99
-0.70
-0.92
-0.64
-0.80
-0.56
-0.70
-0.51
-0.55
-0.40
-0.48
-0.33
-0.41
-0.27
-0.30
-0.19
-0.20
-0.11
-0.11
-0.04
-0.00
0.04
0.11
0.14
0.24
0.26
0.37
0.40
0.51
0.54
0.65
0.69
0.78
0.83
0.90
0.90
0.88
0.85
0.87
0.96
1.06
1.14
1.13
1.13
1.23
1.22
1.22
1.24
1.46
1.49
1.58
0.22
0.10
0.15
0.24
0.25
0.31
0.29
0.32
0.29
0.31
0.27
0.28
0.24
0.24
0.20
0.20
0.19
0.16
0.13
0.11
0.08
0.06
0.03
0.01
-0.02
-0.04
-0.07
-0.08
-0.11
-0.13
-0.15
-0.16
-0.17
-0.20
-0.20
-0.22
-0.23
-0.24
-0.25
-0.25
-0.28
-0.28
-0.29
-0.30
-0.29
-0.32
-0.31
-0.34
-0.34
-0.35
-0.33
-0.36
-0.35
-0.36
-0.38
-0.38
-0.39
-0.37
-0.45
-0.40
-0.47
-0.39
-0.53
-0.43
-0.57
-0.42
-0.60
-0.41
-0.61
-0.40
-0.60
-0.38
-0.58
-0.36
-0.56
-0.35
-0.54
-0.32
-0.43
-0.31
-0.42
-0.29
-0.40
-0.28
-0.42
-0.28
-0.39
-0.26
-0.41
-0.27
-0.37
-0.26
-0.35
-0.21
-0.30
-0.18
-0.26
-0.16
-0.22
-0.13
-0.17
-0.10
-0.13
-0.07
-0.08
-0.03
-0.02
0.01
0.04
0.05
0.10
0.09
0.16
0.14
0.22
0.19
0.29
0.23
0.35
0.29
0.42
0.34
0.48
0.39
0.54
0.44
0.61
0.50
0.67
0.55
0.74
0.61
0.81
0.66
0.87
0.73
0.92
0.78
0.96
0.82
1.02
0.87
1.08
0.91
1.13
0.96
1.18
1.00
1.23
1.04
1.28
1.08
1.33
1.11
1.37
1.14
1.42
1.17
1.46
1.19
1.49
1.21
1.51
1.23
1.52
1.33
1.38
1.17
1.37
1.14
1.31
1.08
1.24
1.02
1.15
0.84
1.11
0.80
1.00
0.79
0.83
0.66
0.67
0.51
0.49
0.34
0.28
0.15
0.06
-0.04
-0.15
-0.22
-0.39
-0.42
-0.61
-0.64
-0.81
-0.87
-1.02
-1.11
-1.25
-1.35
-1.50
-1.59
-1.75
-1.84
-2.00
-2.09
-2.26
-2.35
-2.53
-2.59
-2.44
-2.44
-2.76
-2.84
-3.04
-2.89
-3.13
-0.13
-0.21
-0.05
0.03
0.15
0.18
0.26
0.29
0.33
0.33
0.32
0.32
0.29
0.28
0.25
0.24
0.21
0.20
0.16
0.15
0.12
0.11
0.08
0.07
0.05
0.03
0.02
0.00
-0.01
-0.02
-0.04
-0.04
-0.06
-0.07
-0.08
-0.09
-0.10
-0.11
-0.12
-0.13
-0.14
-0.15
-0.16
-0.17
-0.17
-0.19
-0.19
-0.21
-0.22
-0.24
-0.24
-0.26
-0.25
-0.28
-0.28
-0.28
-0.31
-0.31
-0.34
-0.32
-0.35
-0.34
-0.38
-0.37
-0.38
-0.40
-0.41
-0.43
-0.44
-0.43
-0.48
-0.46
-0.46
-0.50
-0.50
-0.52
-0.52
-0.54
-0.53
-0.56
-0.55
-0.62
-0.57
-0.71
-0.61
-0.75
-0.61
-0.84
-0.66
-0.90
-0.67
-0.98
-0.71
-0.98
-0.68
-1.03
-0.68
-1.05
-0.69
-1.07
-0.69
-1.09
-0.70
-1.11
-0.69
-1.12
-0.68
-1.09
-0.71
-1.01
-0.71
-1.14
-0.72
-1.07
-0.75
-1.26
-0.88
-1.25
-0.82
-1.29
-0.82
-1.29
-0.83
-1.29
-0.85
-1.27
-0.88
-1.31
-0.90
-1.31
-0.93
-1.35
-0.95
-1.35
-0.97
-1.38
-0.99
-1.38
-1.00
-1.41
-1.02
-1.40
-1.03
-1.42
-1.05
-1.42
-1.06
-1.43
-1.06
-1.44
-1.07
-1.44
-1.08
-1.45
-1.09
-1.45
-1.09
-1.46
-1.10
-1.46
-1.10
-1.46
-1.10
-1.47
-1.11
-1.47
-1.12
-1.44
-1.11
-1.43
-1.10
-1.45
-1.10
-1.47
-1.11
-1.46
-1.11
-1.44
-1.10
-1.44
-1.09
-1.45
-1.09
-1.44
-1.08
-1.41
-1.06
-1.39
-1.05
-1.37
-1.05
-1.17
-0.92
-1.13
-0.89
-1.09
-0.77
-1.16
-0.88
-1.03
-0.82
-0.98
-0.78
-0.92
-0.74
-0.86
-0.69
-0.83
-0.58
-0.81
-0.55
-0.68
-0.46
-0.63
-0.42
-0.55
-0.36
-0.43
-0.27
-0.33
-0.20
-0.23
-0.12
-0.11
-0.04
0.01
0.06
0.15
0.17
0.29
0.31
0.39
0.42
0.49
0.54
0.59
0.62
0.63
0.65
0.60
0.62
0.78
0.86
0.97
1.02
1.14
1.18
1.30
1.32
1.23
1.14
1.28
1.32
1.51
1.55
0.08
-0.04
0.06
0.16
0.21
0.28
0.29
0.33
0.31
0.34
0.30
0.31
0.30
0.30
0.26
0.25
0.21
0.19
0.15
0.13
0.10
0.07
0.04
0.01
-0.01
-0.04
-0.06
-0.08
-0.11
-0.12
-0.14
-0.16
-0.18
-0.18
-0.21
-0.20
-0.23
-0.22
-0.25
-0.24
-0.27
-0.27
-0.29
-0.29
-0.29
-0.32
-0.28
-0.32
-0.32
-0.35
-0.31
-0.34
-0.35
-0.37
-0.36
-0.38
-0.38
-0.37
-0.40
-0.36
-0.44
-0.39
-0.47
-0.38
-0.52
-0.42
-0.55
-0.41
-0.59
-0.41
-0.60
-0.39
-0.59
-0.37
-0.58
-0.36
-0.56
-0.34
-0.52
-0.32
-0.49
-0.30
-0.40
-0.28
-0.39
-0.27
-0.40
-0.28
-0.38
-0.26
-0.41
-0.26
-0.35
-0.22
-0.32
-0.20
-0.28
-0.18
-0.25
-0.15
-0.20
-0.12
-0.15
-0.09
-0.11
-0.06
-0.06
-0.02
-0.01
0.02
0.05
0.06
0.11
0.10
0.18
0.15
0.24
0.20
0.31
0.25
0.37
0.30
0.43
0.35
0.50
0.40
0.56
0.45
0.63
0.51
0.69
0.56
0.75
0.61
0.82
0.67
0.88
0.72
0.94
0.79
0.98
0.83
1.02
0.87
1.08
0.91
1.13
0.96
1.18
1.00
1.22
1.03
1.27
1.07
1.32
1.10
1.36
1.13
1.40
1.16
1.44
1.18
1.48
1.19
1.50
1.21
1.50
1.27
1.33
1.11
1.31
1.08
1.26
1.03
1.19
0.91
1.25
0.97
1.08
0.89
0.97
0.79
0.84
0.67
0.70
0.48
0.57
0.37
0.38
0.23
0.16
0.04
-0.05
-0.13
-0.27
-0.31
-0.50
-0.52
-0.70
-0.74
-0.91
-0.97
-1.12
-1.21
-1.35
-1.44
-1.59
-1.68
-1.84
-1.93
-2.11
-2.06
-2.00
-2.12
-2.35
-2.46
-2.69
-2.80
-2.75
-2.67
-3.03
-3.09
-3.05
0.03
-0.06
0.06
0.10
0.19
0.21
0.25
0.24
0.27
0.24
0.26
0.24
0.25
0.23
0.20
0.18
0.15
0.14
0.11
0.09
0.07
0.06
0.03
0.02
0.00
-0.01
-0.03
-0.04
-0.05
-0.06
-0.08
-0.08
-0.10
-0.10
-0.12
-0.13
-0.14
-0.15
-0.17
-0.17
-0.19
-0.19
-0.21
-0.22
-0.23
-0.24
-0.24
-0.26
-0.26
-0.29
-0.27
-0.31
-0.31
-0.31
-0.34
-0.33
-0.37
-0.36
-0.37
-0.40
-0.39
-0.40
-0.42
-0.42
-0.45
-0.45
-0.47
-0.48
-0.47
-0.50
-0.51
-0.52
-0.53
-0.54
-0.57
-0.56
-0.65
-0.58
-0.71
-0.60
-0.80
-0.61
-0.89
-0.65
-0.95
-0.65
-0.98
-0.65
-1.01
-0.64
-1.02
-0.64
-1.05
-0.65
-1.05
-0.64
-1.02
-0.67
-0.95
-0.68
-0.96
-0.68
-1.09
-0.70
-1.15
-0.72
-1.11
-0.72
-1.20
-0.76
-1.21
-0.75
-1.19
-0.75
-1.22
-0.77
-1.23
-0.79
-1.26
-0.82
-1.28
-0.85
-1.32
-0.88
-1.33
-0.91
-1.35
-0.93
-1.36
-0.95
-1.38
-0.97
-1.39
-0.99
-1.40
-1.00
-1.41
-1.02
-1.42
-1.03
-1.42
-1.05
-1.43
-1.06
-1.43
-1.07
-1.43
-1.08
-1.44
-1.09
-1.45
-1.09
-1.45
-1.10
-1.46
-1.11
-1.46
-1.12
-1.46
-1.13
-1.43
-1.12
-1.42
-1.11
-1.44
-1.11
-1.45
-1.13
-1.44
-1.12
-1.43
-1.11
-1.43
-1.11
-1.43
-1.11
-1.43
-1.10
-1.42
-1.09
-1.41
-1.08
-1.40
-1.07
-1.37
-1.05
-1.19
-0.94
-1.15
-0.91
-1.11
-0.88
-1.06
-0.79
-1.13
-0.87
-0.98
-0.79
-0.92
-0.74
-0.86
-0.65
-0.83
-0.58
-0.79
-0.55
-0.68
-0.46
-0.60
-0.41
-0.49
-0.33
-0.38
-0.25
-0.28
-0.16
-0.16
-0.07
-0.03
0.02
0.08
0.11
0.20
0.22
0.31
0.32
0.45
0.45
0.53
0.56
0.68
0.68
0.71
0.73
0.85
0.91
1.01
1.05
1.02
1.05
1.03
1.01
1.21
1.25
1.41
1.45
1.42
1.32
1.53
0.05
-0.07
0.05
0.14
0.22
0.26
0.31
0.32
0.33
0.32
0.33
0.34
0.33
0.31
0.28
0.25
0.23
0.20
0.18
0.14
0.12
0.09
0.07
0.04
0.01
-0.02
-0.04
-0.06
-0.09
-0.10
-0.13
-0.14
-0.16
-0.17
-0.18
-0.21
-0.21
-0.22
-0.23
-0.23
-0.26
-0.25
-0.28
-0.27
-0.30
-0.29
-0.30
-0.32
-0.31
-0.33
-0.32
-0.35
-0.34
-0.34
-0.37
-0.36
-0.36
-0.39
-0.35
-0.42
-0.38
-0.45
-0.37
-0.51
-0.42
-0.54
-0.40
-0.58
-0.41
-0.60
-0.39
-0.60
-0.38
-0.58
-0.36
-0.57
-0.35
-0.55
-0.33
-0.51
-0.32
-0.42
-0.29
-0.40
-0.28
-0.38
-0.26
-0.43
-0.26
-0.36
-0.26
-0.40
-0.26
-0.37
-0.22
-0.32
-0.20
-0.29
-0.17
-0.25
-0.15
-0.20
-0.12
-0.16
-0.09
-0.12
-0.06
-0.07
-0.03
-0.02
0.01
0.04
0.05
0.10
0.09
0.16
0.14
0.23
0.19
0.29
0.23
0.35
0.28
0.42
0.34
0.48
0.39
0.55
0.44
0.61
0.49
0.67
0.55
0.74
0.60
0.80
0.65
0.86
0.71
0.92
0.77
0.96
0.82
1.01
0.85
1.07
0.90
1.12
0.95
1.16
0.98
1.21
1.02
1.26
1.06
1.31
1.09
1.35
1.12
1.39
1.15
1.43
1.17
1.47
1.19
1.50
1.20
1.50
1.21
1.33
1.09
1.30
1.06
1.25
1.03
1.20
0.92
1.14
0.82
1.15
0.84
0.98
0.79
0.87
0.70
0.76
0.59
0.63
0.48
0.48
0.35
0.34
0.19
0.15
0.04
-0.05
-0.11
-0.24
-0.29
-0.44
-0.48
-0.65
-0.69
-0.84
-0.91
-1.05
-1.15
-1.29
-1.39
-1.55
-1.65
-1.81
-1.91
-2.08
-2.18
-2.36
-2.43
-2.31
-2.20
-2.24
-2.28
-2.66
-2.76
-3.07
-3.20
-3.32
0.08
-0.01
0.07
0.12
0.17
0.19
0.21
0.21
0.21
0.21
0.20
0.18
0.17
0.16
0.15
0.13
0.11
0.08
0.07
0.04
0.03
0.01
-0.01
-0.03
-0.04
-0.06
-0.07
-0.09
-0.10
-0.11
-0.12
-0.13
-0.15
-0.15
-0.18
-0.16
-0.19
-0.19
-0.21
-0.22
-0.24
-0.24
-0.25
-0.27
-0.28
-0.29
-0.30
-0.32
-0.29
-0.33
-0.33
-0.35
-0.35
-0.38
-0.37
-0.40
-0.40
-0.42
-0.41
-0.44
-0.43
-0.46
-0.46
-0.49
-0.49
-0.50
-0.53
-0.53
-0.60
-0.51
-0.71
-0.57
-0.78
-0.59
-0.86
-0.61
-0.92
-0.61
-0.96
-0.62
-0.97
-0.60
-0.98
-0.60
-1.00
-0.62
-0.86
-0.62
-0.87
-0.63
-0.97
-0.68
-0.94
-0.67
-1.08
-0.70
-1.09
-0.68
-1.11
-0.69
-1.13
-0.70
-1.15
-0.71
-1.15
-0.73
-1.18
-0.75
-1.20
-0.78
-1.23
-0.81
-1.26
-0.83
-1.29
-0.86
-1.31
-0.89
-1.34
-0.91
-1.35
-0.93
-1.36
-0.95
-1.37
-0.97
-1.38
-0.99
-1.39
-1.01
-1.40
-1.02
-1.41
-1.04
-1.41
-1.06
-1.42
-1.07
-1.42
-1.08
-1.43
-1.10
-1.44
-1.11
-1.44
-1.12
-1.45
-1.13
-1.45
-1.15
-1.42
-1.15
-1.42
-1.13
-1.43
-1.14
-1.43
-1.15
-1.42
-1.15
-1.42
-1.14
-1.42
-1.14
-1.42
-1.14
-1.42
-1.13
-1.42
-1.12
-1.42
-1.12
-1.42
-1.11
-1.41
-1.10
-1.40
-1.08
-1.37
-1.06
-1.29
-1.09
-1.22
-1.03
-1.18
-0.96
-1.12
-0.91
-1.05
-0.86
-0.98
-0.80
-0.90
-0.73
-0.82
-0.59
-0.78
-0.55
-0.71
-0.49
2.16
1.81
2.01
1.90
2.02
1.92
2.06
1.95
2.10
1.96
2.10
1.97
2.10
1.98
2.08
1.99
2.05
1.86
1.93
1.62
1.34
1.12
0.98
0.86
0.76
0.68
0.60
0.52
0.43
0.34
0.29
0.05
-0.38
-0.87
-1.20
-1.45
-1.52
-1.47
-1.48
-1.45
-1.46
-1.42
-1.42
-1.38
-1.35
-1.22
-1.18
-1.14
-1.10
-1.10
-1.06
-1.07
-1.03
-1.02
-0.99
-0.94
-1.00
-0.97
-1.01
-1.30
-1.15
-1.51
-1.19
-1.51
-1.18
-1.53
-1.29
-1.58
-1.35
-1.44
-1.34
-1.33
-1.23
-1.08
-1.08
-0.84
-0.87
-0.75
-0.86
-0.62
-0.50
-0.29
-0.19
-0.02
0.07
0.22
0.27
0.00
-0.26
-0.43
-0.60
-0.72
-0.82
-0.90
-0.97
-1.01
-1.05
-1.08
-1.12
-1.16
-1.20
-1.23
-1.25
-1.27
-1.29
-1.28
-1.27
-1.25
-1.22
-1.21
-1.21
-1.23
-1.24
-1.25
-1.26
-1.27
-1.28
-1.28
-1.29
-1.29
-1.29
-1.28
-1.25
-1.24
-1.21
-1.20
-1.17
-1.16
-1.13
-1.12
-1.09
-1.08
-1.05
-1.04
-1.02
-1.04
-1.03
-1.12
-1.05
-1.23
-1.10
-1.33
-1.18
-1.35
-1.24
-1.32
-1.22
-1.34
-1.23
-1.38
-1.25
-1.39
-1.28
-1.37
-1.27
-1.37
-1.27
-1.38
-1.27
-1.37
-1.27
-1.36
-1.26
-1.34
-1.23
-1.34
-1.16
-1.37
-1.11
-1.40
-1.09
-1.40
-1.05
-1.36
-1.00
-1.31
-0.94
-1.26
-0.91
-1.16
-0.84
-1.02
-0.78
-0.93
-0.73
-0.83
-0.65
-0.74
-0.56
-0.69
-0.48
-0.61
-0.43
-0.52
-0.39
-0.43
-0.35
-0.35
-0.28
-0.26
-0.22
-0.18
-0.13
-0.09
-0.04
0.01
0.05
0.11
0.16
0.21
0.26
0.32
0.38
0.44
0.50
0.56
0.62
0.68
0.74
0.81
0.86
0.84
0.83
0.79
-0.19
-0.11
0.15
0.35
0.58
0.73
0.89
0.89
0.80
0.72
0.63
0.54
0.43
0.31
0.20
0.10
0.00
-0.08
-0.15
-0.21
-0.26
-0.30
-0.34
-0.37
-0.39
-0.40
-0.42
-0.43
-0.44
-0.44
-0.46
-0.44
-0.46
-0.45
-0.49
-0.47
-0.49
-0.46
-0.49
-0.47
-0.50
-0.46
-0.50
-0.48
-0.47
-0.47
-0.49
-0.49
-0.47
-0.47
-0.46
-0.49
-0.43
-0.46
-0.42
-0.45
-0.40
-0.43
-0.42
-0.40
-0.40
-0.38
-0.38
-0.39
-0.35
-0.37
-0.34
-0.34
-0.34
-0.31
-0.33
-0.30
-0.32
-0.29
-0.30
-0.27
-0.30
-0.23
-0.28
-0.20
-0.24
-0.16
-0.18
-0.11
-0.11
-0.05
-0.03
0.00
0.04
0.06
0.12
0.12
0.19
0.17
0.26
0.23
0.33
0.28
0.40
0.34
0.47
0.39
0.54
0.43
0.67
0.51
0.71
0.53
0.78
0.58
0.86
0.63
0.89
0.66
0.95
0.70
1.00
0.75
1.05
0.79
1.10
0.83
1.15
0.87
1.20
0.91
1.26
0.95
1.30
0.98
1.35
1.02
1.39
1.05
1.44
1.08
1.48
1.12
1.51
1.14
1.53
1.17
1.55
1.18
1.56
1.19
1.56
1.20
1.55
1.19
1.52
1.17
1.49
1.14
1.43
1.09
1.36
1.04
1.12
0.90
0.99
0.78
0.84
0.65
0.67
0.50
0.49
0.31
0.30
0.14
0.04
-0.08
-0.23
-0.34
-0.51
-0.64
-0.82
-0.98
-1.16
-1.31
-1.45
-1.64
-1.72
-1.90
-1.87
-1.98
-1.80
-1.90
-1.65
-1.66
-1.35
-1.28
-0.93
-0.76
-0.38
-0.15
0.15
0.12
-0.88
-1.19
-1.71
-2.03
-2.41
-2.72
0.22
0.15
0.17
0.19
0.19
0.18
0.16
0.13
0.10
0.07
0.03
-0.00
-0.04
-0.07
-0.10
-0.14
-0.16
-0.20
-0.21
-0.25
-0.25
-0.29
-0.28
-0.32
-0.31
-0.36
-0.39
-0.42
-0.43
-0.41
-0.46
-0.49
-0.49
-0.50
-0.55
-0.54
-0.59
-0.55
-0.61
-0.62
-0.61
-0.66
-0.63
-0.69
-0.66
-0.72
-0.72
-0.78
-0.72
-0.79
-0.80
-0.81
-0.86
-0.87
-0.86
-0.92
-0.87
-1.03
-0.95
-1.09
-1.01
-1.15
-1.03
-1.30
-1.06
-1.42
-1.13
-1.50
-1.15
-1.55
-1.18
-1.59
-1.20
-1.62
-1.22
-1.64
-1.24
-1.66
-1.25
-1.70
-1.27
-1.72
-1.29
-1.75
-1.31
-1.76
-1.32
-1.78
-1.33
-1.79
-1.34
-1.81
-1.36
-1.81
-1.37
-1.82
-1.38
-1.82
-1.39
-1.82
-1.41
-1.82
-1.43
-1.82
-1.43
-1.82
-1.43
-1.81
-1.43
-1.80
-1.43
-1.79
-1.43
-1.79
-1.43
-1.78
-1.42
-1.76
-1.41
-1.75
-1.40
-1.73
-1.39
-1.72
-1.37
-1.69
-1.36
-1.66
-1.33
-1.63
-1.30
-1.60
-1.28
-1.43
-1.19
-1.38
-1.13
-1.31
-1.07
-1.24
-1.01
-1.19
-0.88
-1.16
-0.88
-0.97
-0.76
-0.85
-0.65
-0.76
-0.55
-0.71
-0.51
-0.55
-0.39
-0.46
-0.31
-0.29
-0.18
-0.18
-0.09
-0.05
0.01
0.08
0.12
0.19
0.22
0.34
0.37
0.43
0.48
0.60
0.66
0.75
0.82
0.81
0.86
0.95
1.00
1.04
1.09
1.12
1.19
1.18
1.20
1.42
1.47
1.35
1.33
1.60
-0.29
-0.39
-0.11
0.06
0.23
0.33
0.44
0.47
0.53
0.52
0.57
0.57
0.56
0.51
0.48
0.42
0.39
0.33
0.29
0.23
0.20
0.14
0.12
0.08
0.04
0.01
-0.02
-0.05
-0.08
-0.10
-0.13
-0.14
-0.16
-0.18
-0.20
-0.20
-0.24
-0.24
-0.25
-0.28
-0.27
-0.30
-0.30
-0.31
-0.34
-0.34
-0.34
-0.37
-0.37
-0.39
-0.37
-0.40
-0.41
-0.40
-0.43
-0.43
-0.42
-0.46
-0.45
-0.45
-0.48
-0.47
-0.46
-0.49
-0.48
-0.47
-0.52
-0.47
-0.56
-0.49
-0.56
-0.48
-0.59
-0.49
-0.59
-0.46
-0.59
-0.45
-0.57
-0.42
-0.54
-0.39
-0.50
-0.35
-0.45
-0.31
-0.40
-0.27
-0.34
-0.23
-0.29
-0.19
-0.22
-0.14
-0.16
-0.09
-0.09
-0.04
-0.02
0.01
0.05
0.06
0.13
0.12
0.20
0.18
0.28
0.24
0.36
0.31
0.44
0.37
0.52
0.44
0.60
0.50
0.68
0.57
0.76
0.63
0.83
0.69
0.91
0.75
0.98
0.81
1.06
0.87
1.13
0.92
1.19
0.98
1.26
1.03
1.33
1.08
1.38
1.13
1.42
1.16
1.47
1.19
1.53
1.23
1.58
1.27
1.60
1.29
1.62
1.29
1.64
1.30
1.61
1.37
1.50
1.26
1.47
1.22
1.41
1.17
1.33
1.10
1.24
1.01
1.12
0.91
1.06
0.76
0.93
0.66
0.67
0.48
0.47
0.29
0.28
0.13
0.04
-0.07
-0.18
-0.25
-0.41
-0.48
-0.58
-0.67
-0.80
-0.85
-0.88
-0.96
-1.16
-1.28
-1.47
-1.60
-1.79
-1.92
-2.12
-2.10
-2.03
-1.95
-2.11
-2.35
-2.55
-2.50
-2.59
-2.54
-2.46
-0.25
-0.31
-0.09
0.04
0.17
0.25
0.33
0.39
0.43
0.45
0.45
0.44
0.40
0.38
0.34
0.31
0.26
0.23
0.19
0.15
0.11
0.08
0.04
0.02
-0.01
-0.04
-0.06
-0.09
-0.11
-0.14
-0.15
-0.17
-0.20
-0.20
-0.24
-0.23
-0.27
-0.28
-0.29
-0.32
-0.32
-0.34
-0.36
-0.38
-0.40
-0.40
-0.43
-0.44
-0.47
-0.45
-0.50
-0.49
-0.53
-0.54
-0.57
-0.58
-0.57
-0.62
-0.62
-0.64
-0.67
-0.69
-0.69
-0.73
-0.74
-0.77
-0.76
-0.80
-0.82
-0.82
-0.86
-0.84
-0.90
-0.91
-0.92
-0.95
-0.94
-1.00
-0.96
-1.11
-1.03
-1.14
-1.03
-1.28
-1.05
-1.38
-1.11
-1.47
-1.16
-1.53
-1.19
-1.58
-1.22
-1.62
-1.24
-1.65
-1.26
-1.68
-1.27
-1.70
-1.29
-1.72
-1.30
-1.72
-1.32
-1.76
-1.33
-1.76
-1.35
-1.79
-1.36
-1.79
-1.37
-1.81
-1.38
-1.81
-1.38
-1.82
-1.39
-1.81
-1.39
-1.82
-1.39
-1.80
-1.38
-1.81
-1.38
-1.79
-1.37
-1.78
-1.36
-1.76
-1.35
-1.75
-1.34
-1.74
-1.33
-1.72
-1.32
-1.71
-1.31
-1.70
-1.30
-1.68
-1.28
-1.67
-1.27
-1.64
-1.25
-1.61
-1.23
-1.58
-1.20
-1.54
-1.17
-1.49
-1.14
-1.40
-1.14
-1.30
-1.05
-1.23
-1.00
-1.16
-0.94
-1.08
-0.87
-0.99
-0.80
-0.90
-0.73
-0.83
-0.59
-0.76
-0.54
-0.67
-0.46
-0.53
-0.35
-0.38
-0.24
-0.21
-0.12
-0.08
-0.00
0.07
0.12
0.20
0.25
0.36
0.39
0.46
0.50
0.61
0.64
0.71
0.76
0.86
0.93
0.95
0.99
1.02
1.05
1.08
1.12
1.23
1.16
1.21
1.31
1.41
1.33
-0.08
-0.13
0.06
0.16
0.29
0.33
0.41
0.40
0.45
0.43
0.45
0.44
0.42
0.38
0.33
0.29
0.24
0.19
0.14
0.10
0.06
0.02
-0.02
-0.05
-0.07
-0.11
-0.14
-0.16
-0.18
-0.20
-0.23
-0.23
-0.25
-0.27
-0.28
-0.30
-0.31
-0.32
-0.33
-0.32
-0.36
-0.35
-0.38
-0.35
-0.38
-0.39
-0.41
-0.41
-0.43
-0.41
-0.44
-0.43
-0.45
-0.45
-0.45
-0.47
-0.47
-0.45
-0.48
-0.47
-0.47
-0.49
-0.45
-0.47
-0.47
-0.48
-0.48
-0.46
-0.48
-0.45
-0.47
-0.46
-0.45
-0.48
-0.41
-0.49
-0.40
-0.48
-0.38
-0.46
-0.36
-0.43
-0.32
-0.40
-0.28
-0.34
-0.24
-0.28
-0.19
-0.22
-0.14
-0.15
-0.09
-0.08
-0.03
-0.00
0.03
0.07
0.08
0.15
0.14
0.23
0.21
0.31
0.27
0.39
0.33
0.47
0.40
0.56
0.46
0.64
0.52
0.72
0.58
0.79
0.64
0.87
0.70
0.94
0.76
1.02
0.81
1.09
0.87
1.15
0.92
1.22
0.97
1.28
1.02
1.35
1.07
1.41
1.12
1.47
1.16
1.52
1.20
1.56
1.23
1.59
1.25
1.62
1.28
1.64
1.31
1.45
1.15
1.40
1.05
1.52
1.21
1.43
1.18
1.38
1.13
1.31
1.08
1.23
1.01
1.14
0.92
1.06
0.77
0.99
0.70
0.84
0.58
0.65
0.43
0.40
0.24
0.22
0.09
-0.00
-0.08
-0.21
-0.28
-0.40
-0.47
-0.66
-0.71
-0.80
-0.90
-1.09
-1.22
-1.27
-1.37
-1.41
-1.50
-1.72
-1.78
-1.72
-1.79
-2.08
-2.10
-2.02
-2.13
-2.49
-2.47
-2.34
-2.42
-2.87
0.07
-0.03
0.11
0.17
0.25
0.27
0.32
0.30
0.33
0.29
0.30
0.29
0.27
0.24
0.20
0.16
0.12
0.09
0.05
0.01
-0.02
-0.06
-0.09
-0.12
-0.15
-0.18
-0.20
-0.23
-0.24
-0.28
-0.27
-0.32
-0.32
-0.35
-0.36
-0.39
-0.40
-0.42
-0.42
-0.46
-0.45
-0.50
-0.49
-0.51
-0.54
-0.53
-0.58
-0.57
-0.61
-0.62
-0.65
-0.62
-0.67
-0.69
-0.68
-0.74
-0.74
-0.74
-0.80
-0.80
-0.80
-0.82
-0.86
-0.88
-0.91
-0.88
-0.99
-0.89
-1.10
-0.99
-1.18
-0.98
-1.29
-1.05
-1.38
-1.10
-1.47
-1.14
-1.53
-1.16
-1.56
-1.18
-1.60
-1.20
-1.63
-1.22
-1.65
-1.23
-1.66
-1.25
-1.70
-1.27
-1.71
-1.29
-1.73
-1.30
-1.76
-1.32
-1.77
-1.33
-1.79
-1.35
-1.79
-1.36
-1.80
-1.37
-1.81
-1.38
-1.81
-1.40
-1.81
-1.40
-1.81
-1.41
-1.81
-1.41
-1.80
-1.41
-1.79
-1.41
-1.78
-1.40
-1.77
-1.40
-1.76
-1.39
-1.75
-1.38
-1.74
-1.37
-1.73
-1.36
-1.71
-1.35
-1.69
-1.33
-1.67
-1.31
-1.65
-1.29
-1.62
-1.27
-1.58
-1.24
-1.53
-1.20
-1.37
-1.09
-1.28
-1.04
-1.21
-0.98
-1.14
-0.93
-1.06
-0.79
-1.07
-0.79
-0.91
-0.73
-0.81
-0.64
-0.70
-0.55
-0.59
-0.43
-0.51
-0.35
-0.35
-0.22
-0.21
-0.11
-0.06
0.01
0.07
0.11
0.22
0.24
0.34
0.37
0.50
0.53
0.58
0.64
0.76
0.82
0.81
0.85
0.97
1.00
0.99
1.07
1.07
1.11
1.29
1.29
1.24
1.28
1.50
1.41
1.41
-0.19
-0.28
-0.04
0.08
0.24
0.30
0.41
0.40
0.47
0.49
0.50
0.49
0.45
0.42
0.37
0.34
0.29
0.25
0.20
0.17
0.12
0.08
0.04
0.01
-0.02
-0.05
-0.08
-0.10
-0.13
-0.15
-0.18
-0.18
-0.22
-0.21
-0.24
-0.25
-0.28
-0.28
-0.29
-0.32
-0.32
-0.32
-0.35
-0.33
-0.36
-0.36
-0.39
-0.39
-0.39
-0.41
-0.42
-0.41
-0.44
-0.43
-0.43
-0.46
-0.45
-0.45
-0.48
-0.45
-0.48
-0.47
-0.49
-0.48
-0.47
-0.50
-0.49
-0.47
-0.52
-0.48
-0.51
-0.50
-0.50
-0.52
-0.45
-0.55
-0.43
-0.55
-0.42
-0.52
-0.38
-0.48
-0.35
-0.43
-0.31
-0.38
-0.26
-0.32
-0.22
-0.26
-0.17
-0.19
-0.12
-0.12
-0.07
-0.05
-0.01
0.02
0.05
0.10
0.11
0.18
0.17
0.26
0.23
0.34
0.29
0.42
0.36
0.50
0.42
0.59
0.49
0.67
0.55
0.75
0.62
0.82
0.68
0.90
0.74
0.97
0.80
1.05
0.85
1.12
0.91
1.18
0.96
1.25
1.01
1.32
1.06
1.38
1.11
1.44
1.15
1.49
1.19
1.54
1.23
1.59
1.26
1.62
1.28
1.64
1.30
1.65
1.31
1.52
1.23
1.46
1.20
1.42
1.17
1.37
1.13
1.31
0.98
1.34
1.02
1.15
0.91
1.01
0.79
0.95
0.73
0.77
0.57
0.64
0.44
0.44
0.28
0.28
0.13
0.06
-0.03
-0.15
-0.22
-0.38
-0.44
-0.64
-0.71
-0.84
-0.95
-1.06
-1.16
-1.15
-1.25
-1.48
-1.60
-1.67
-1.67
-1.73
-1.86
-1.92
-2.02
-2.08
-2.15
-2.41
-2.28
-2.33
-2.44
-2.84
-2.90
0.05
-0.04
0.07
0.15
0.22
0.26
0.29
0.30
0.31
0.32
0.31
0.30
0.26
0.23
0.19
0.16
0.12
0.08
0.05
0.01
-0.02
-0.05
-0.09
-0.11
-0.14
-0.17
-0.19
-0.22
-0.23
-0.26
-0.26
-0.30
-0.30
-0.34
-0.33
-0.37
-0.37
-0.41
-0.38
-0.42
-0.43
-0.47
-0.47
-0.50
-0.49
-0.53
-0.54
-0.57
-0.55
-0.60
-0.60
-0.61
-0.66
-0.63
-0.68
-0.68
-0.72
-0.73
-0.74
-0.78
-0.76
-0.82
-0.83
-0.86
-0.83
-0.92
-0.87
-1.02
-0.93
-1.10
-0.95
-1.20
-0.99
-1.31
-1.05
-1.40
-1.09
-1.47
-1.11
-1.51
-1.14
-1.55
-1.15
-1.58
-1.17
-1.61
-1.19
-1.64
-1.22
-1.65
-1.23
-1.68
-1.25
-1.69
-1.26
-1.69
-1.27
-1.74
-1.29
-1.73
-1.30
-1.77
-1.32
-1.76
-1.34
-1.79
-1.36
-1.78
-1.38
-1.80
-1.39
-1.79
-1.40
-1.80
-1.41
-1.79
-1.41
-1.79
-1.41
-1.78
-1.41
-1.78
-1.41
-1.77
-1.40
-1.76
-1.39
-1.75
-1.38
-1.74
-1.37
-1.73
-1.36
-1.71
-1.35
-1.69
-1.34
-1.67
-1.32
-1.64
-1.29
-1.61
-1.26
-1.58
-1.24
-1.53
-1.20
-1.49
-1.18
-1.27
-1.00
-1.18
-0.91
-1.14
-0.84
-1.16
-0.94
-1.04
-0.85
-0.95
-0.76
-0.84
-0.68
-0.74
-0.58
-0.62
-0.48
-0.50
-0.37
-0.36
-0.26
-0.23
-0.12
-0.09
-0.00
0.08
0.14
0.25
0.29
0.42
0.46
0.53
0.61
0.61
0.68
0.66
0.70
0.83
0.91
1.02
1.10
1.09
1.07
1.04
1.09
1.27
1.34
1.33
1.30
1.34
1.32
1.58
-0.29
-0.37
-0.09
0.10
0.24
0.36
0.44
0.49
0.52
0.57
0.58
0.58
0.57
0.52
0.48
0.43
0.39
0.33
0.29
0.23
0.20
0.14
0.11
0.08
0.04
0.01
-0.02
-0.05
-0.07
-0.10
-0.12
-0.14
-0.15
-0.18
-0.19
-0.22
-0.21
-0.24
-0.24
-0.27
-0.27
-0.30
-0.30
-0.32
-0.31
-0.34
-0.34
-0.36
-0.35
-0.38
-0.38
-0.39
-0.41
-0.41
-0.40
-0.43
-0.42
-0.45
-0.42
-0.45
-0.44
-0.47
-0.47
-0.48
-0.46
-0.48
-0.48
-0.47
-0.49
-0.46
-0.48
-0.47
-0.49
-0.46
-0.51
-0.46
-0.52
-0.44
-0.53
-0.42
-0.53
-0.41
-0.51
-0.38
-0.48
-0.35
-0.44
-0.31
-0.39
-0.27
-0.33
-0.23
-0.27
-0.18
-0.21
-0.13
-0.14
-0.08
-0.07
-0.03
-0.00
0.03
0.07
0.08
0.15
0.14
0.22
0.20
0.30
0.26
0.38
0.32
0.46
0.38
0.54
0.44
0.62
0.50
0.70
0.56
0.77
0.62
0.85
0.68
0.92
0.74
0.99
0.79
1.06
0.85
1.12
0.90
1.19
0.95
1.25
1.00
1.31
1.05
1.37
1.09
1.43
1.14
1.48
1.17
1.53
1.21
1.57
1.24
1.59
1.26
1.62
1.27
1.63
1.33
1.46
1.19
1.43
1.14
1.40
1.04
1.46
1.12
1.31
1.07
1.24
0.98
1.21
0.96
1.07
0.84
0.93
0.68
0.88
0.62
0.66
0.46
0.53
0.34
0.31
0.17
0.14
0.03
-0.06
-0.13
-0.29
-0.35
-0.48
-0.55
-0.69
-0.76
-0.85
-0.93
-1.13
-1.25
-1.32
-1.39
-1.43
-1.54
-1.76
-1.86
-1.77
-1.80
-2.12
-2.11
-2.16
-2.27
-2.32
-2.33
-2.77
-2.74
-0.01
-0.09
0.04
0.12
0.20
0.25
0.29
0.30
0.33
0.33
0.32
0.30
0.27
0.24
0.20
0.17
0.13
0.09
0.06
0.02
-0.01
-0.04
-0.07
-0.11
-0.13
-0.17
-0.18
-0.22
-0.23
-0.27
-0.26
-0.31
-0.31
-0.35
-0.36
-0.38
-0.39
-0.42
-0.42
-0.46
-0.46
-0.47
-0.50
-0.51
-0.52
-0.56
-0.57
-0.59
-0.57
-0.62
-0.62
-0.66
-0.67
-0.66
-0.72
-0.72
-0.72
-0.78
-0.74
-0.80
-0.81
-0.83
-0.86
-0.83
-0.89
-0.89
-0.91
-0.97
-0.98
-1.00
-1.11
-0.99
-1.24
-1.03
-1.35
-1.09
-1.44
-1.13
-1.51
-1.16
-1.55
-1.18
-1.59
-1.21
-1.62
-1.22
-1.65
-1.24
-1.67
-1.26
-1.69
-1.28
-1.72
-1.30
-1.73
-1.31
-1.76
-1.33
-1.77
-1.35
-1.79
-1.36
-1.80
-1.37
-1.81
-1.39
-1.81
-1.40
-1.82
-1.40
-1.82
-1.41
-1.82
-1.41
-1.81
-1.41
-1.81
-1.41
-1.80
-1.41
-1.79
-1.40
-1.78
-1.40
-1.77
-1.39
-1.75
-1.38
-1.74
-1.37
-1.73
-1.36
-1.72
-1.35
-1.70
-1.33
-1.68
-1.31
-1.65
-1.29
-1.62
-1.27
-1.58
-1.23
-1.54
-1.20
-1.47
-1.23
-1.32
-1.09
-1.26
-1.03
-1.18
-0.96
-1.10
-0.89
-1.01
-0.82
-0.97
-0.71
-0.89
-0.65
-0.69
-0.50
-0.61
-0.44
-0.44
-0.32
-0.29
-0.19
-0.14
-0.06
0.01
0.06
0.16
0.20
0.29
0.32
0.41
0.44
0.56
0.59
0.65
0.70
0.81
0.88
0.98
1.00
0.99
1.04
1.15
1.15
1.18
1.20
1.24
1.43
1.42
1.35
1.40
1.63
-0.17
-0.27
-0.02
0.14
0.27
0.36
0.43
0.46
0.49
0.52
0.53
0.53
0.50
0.45
0.42
0.36
0.33
0.27
0.23
0.17
0.14
0.10
0.07
0.03
0.00
-0.03
-0.06
-0.08
-0.10
-0.12
-0.15
-0.16
-0.18
-0.19
-0.20
-0.23
-0.24
-0.25
-0.27
-0.26
-0.29
-0.29
-0.32
-0.32
-0.34
-0.33
-0.36
-0.35
-0.36
-0.38
-0.39
-0.38
-0.41
-0.40
-0.43
-0.40
-0.43
-0.42
-0.45
-0.44
-0.46
-0.46
-0.46
-0.47
-0.47
-0.46
-0.48
-0.48
-0.47
-0.48
-0.46
-0.48
-0.46
-0.48
-0.45
-0.50
-0.45
-0.51
-0.42
-0.52
-0.43
-0.48
-0.38
-0.47
-0.36
-0.45
-0.33
-0.40
-0.29
-0.35
-0.25
-0.29
-0.20
-0.23
-0.15
-0.17
-0.10
-0.10
-0.05
-0.03
0.01
0.05
0.07
0.12
0.12
0.20
0.18
0.28
0.24
0.36
0.31
0.44
0.37
0.52
0.43
0.59
0.49
0.68
0.55
0.75
0.61
0.83
0.67
0.90
0.72
0.97
0.78
1.04
0.83
1.10
0.88
1.17
0.93
1.23
0.98
1.30
1.03
1.36
1.08
1.42
1.12
1.47
1.16
1.52
1.19
1.56
1.22
1.59
1.24
1.61
1.26
1.63
1.29
1.44
1.18
1.42
1.12
1.47
1.16
1.37
1.09
1.39
1.11
1.28
1.05
1.20
0.95
1.11
0.81
1.08
0.77
0.96
0.70
0.78
0.58
0.58
0.42
0.39
0.24
0.20
0.08
-0.00
-0.09
-0.22
-0.29
-0.47
-0.54
-0.74
-0.82
-1.02
-1.12
-1.13
-1.23
-1.30
-1.37
-1.58
-1.70
-1.68
-1.78
-1.84
-1.97
-1.96
-2.04
-2.28
-2.16
-2.21
-2.36
-2.72
-2.68
0.08
-0.02
0.09
0.17
0.24
0.27
0.31
0.31
0.33
0.33
0.32
0.30
0.26
0.23
0.19
0.16
0.12
0.09
0.05
0.02
-0.02
-0.05
-0.08
-0.12
-0.15
-0.18
-0.21
-0.23
-0.25
-0.29
-0.29
-0.33
-0.34
-0.35
-0.39
-0.39
-0.40
-0.44
-0.44
-0.45
-0.50
-0.49
-0.50
-0.55
-0.52
-0.57
-0.56
-0.61
-0.61
-0.62
-0.66
-0.67
-0.67
-0.71
-0.69
-0.75
-0.74
-0.80
-0.76
-0.82
-0.83
-0.84
-0.88
-0.85
-0.91
-0.93
-0.92
-1.01
-0.92
-1.13
-1.02
-1.19
-1.04
-1.30
-1.08
-1.40
-1.12
-1.49
-1.16
-1.55
-1.19
-1.59
-1.22
-1.63
-1.24
-1.66
-1.26
-1.68
-1.28
-1.70
-1.29
-1.73
-1.31
-1.74
-1.33
-1.78
-1.34
-1.78
-1.36
-1.81
-1.37
-1.81
-1.38
-1.83
-1.40
-1.82
-1.40
-1.84
-1.41
-1.83
-1.42
-1.84
-1.42
-1.83
-1.42
-1.82
-1.42
-1.81
-1.41
-1.80
-1.41
-1.79
-1.40
-1.78
-1.39
-1.77
-1.38
-1.75
-1.38
-1.74
-1.36
-1.73
-1.35
-1.71
-1.34
-1.69
-1.32
-1.66
-1.30
-1.63
-1.27
-1.59
-1.24
-1.55
-1.21
-1.39
-1.10
-1.29
-1.05
-1.23
-1.00
-1.16
-0.94
-1.11
-0.82
-1.10
-0.82
-0.92
-0.68
-0.86
-0.66
-0.72
-0.57
-0.61
-0.46
-0.50
-0.34
-0.40
-0.26
-0.25
-0.14
-0.11
-0.04
0.02
0.06
0.16
0.19
0.27
0.30
0.44
0.46
0.51
0.57
0.68
0.74
0.77
0.81
0.85
0.91
1.00
0.98
1.01
1.11
1.10
1.15
1.28
1.20
1.28
1.36
1.49
1.37
-0.14
-0.22
-0.01
0.10
0.25
0.30
0.40
0.40
0.47
0.49
0.49
0.48
0.44
0.41
0.36
0.32
0.28
0.23
0.19
0.15
0.10
0.06
0.03
-0.01
-0.04
-0.07
-0.10
-0.12
-0.15
-0.16
-0.19
-0.20
-0.23
-0.23
-0.26
-0.26
-0.29
-0.29
-0.32
-0.30
-0.34
-0.34
-0.35
-0.37
-0.35
-0.39
-0.38
-0.41
-0.41
-0.40
-0.44
-0.43
-0.43
-0.46
-0.42
-0.45
-0.46
-0.48
-0.44
-0.47
-0.48
-0.50
-0.46
-0.50
-0.49
-0.52
-0.46
-0.56
-0.49
-0.54
-0.46
-0.58
-0.48
-0.56
-0.44
-0.56
-0.42
-0.54
-0.39
-0.50
-0.36
-0.45
-0.32
-0.40
-0.27
-0.34
-0.23
-0.28
-0.18
-0.22
-0.14
-0.15
-0.09
-0.08
-0.03
-0.01
0.02
0.07
0.08
0.14
0.14
0.22
0.20
0.30
0.26
0.38
0.32
0.46
0.39
0.55
0.46
0.63
0.52
0.71
0.59
0.79
0.65
0.86
0.71
0.94
0.77
1.01
0.83
1.09
0.89
1.16
0.94
1.23
1.00
1.29
1.05
1.36
1.10
1.42
1.15
1.47
1.19
1.52
1.23
1.56
1.26
1.60
1.28
1.63
1.31
1.64
1.31
1.65
1.39
1.49
1.24
1.46
1.21
1.41
1.17
1.35
1.04
1.39
1.10
1.22
1.00
1.10
0.89
0.95
0.76
0.79
0.57
0.63
0.41
0.41
0.24
0.16
0.02
-0.10
-0.20
-0.34
-0.41
-0.58
-0.64
-0.79
-0.85
-0.93
-1.01
-1.22
-1.34
-1.52
-1.65
-1.84
-1.85
-1.83
-1.82
-2.00
-2.23
-2.34
-2.19
-2.21
-2.61
-2.72
-2.70
-2.71
-3.05
-0.09
-0.17
0.01
0.14
0.23
0.31
0.35
0.38
0.39
0.42
0.43
0.42
0.40
0.36
0.33
0.28
0.25
0.19
0.17
0.12
0.09
0.05
0.03
-0.00
-0.03
-0.05
-0.08
-0.10
-0.13
-0.15
-0.16
-0.18
-0.21
-0.21
-0.25
-0.25
-0.28
-0.27
-0.31
-0.30
-0.34
-0.33
-0.37
-0.37
-0.40
-0.38
-0.43
-0.43
-0.46
-0.47
-0.50
-0.49
-0.53
-0.53
-0.57
-0.56
-0.60
-0.60
-0.64
-0.64
-0.68
-0.69
-0.72
-0.70
-0.75
-0.76
-0.80
-0.81
-0.79
-0.85
-0.85
-0.87
-0.90
-0.87
-0.94
-0.93
-0.99
-0.93
-1.09
-1.02
-1.11
-1.02
-1.25
-1.06
-1.34
-1.10
-1.42
-1.14
-1.50
-1.18
-1.56
-1.21
-1.60
-1.24
-1.64
-1.26
-1.67
-1.28
-1.69
-1.29
-1.72
-1.31
-1.73
-1.32
-1.73
-1.34
-1.77
-1.35
-1.77
-1.36
-1.81
-1.38
-1.80
-1.38
-1.82
-1.39
-1.81
-1.39
-1.83
-1.40
-1.80
-1.39
-1.82
-1.39
-1.80
-1.38
-1.80
-1.38
-1.78
-1.36
-1.78
-1.36
-1.76
2.31
1.94
2.10
1.94
2.13
1.98
2.18
2.03
2.23
2.06
2.24
2.09
2.24
2.12
2.22
2.14
2.20
1.97
2.17
1.80
1.48
1.27
1.10
0.97
0.85
0.75
0.65
0.55
0.42
0.27
0.11
-0.24
-0.79
-1.49
-1.86
-2.13
-2.30
-2.21
-1.96
-1.87
-1.75
-1.73
-1.64
-1.54
-1.45
-1.35
-1.34
-1.23
-1.16
-1.14
-1.07
-1.08
-1.02
-1.07
-1.01
-1.08
-1.03
-1.11
-1.33
-1.23
-1.60
-1.30
-1.66
-1.27
-1.65
-1.32
-1.68
-1.41
-1.62
-1.44
-1.53
-1.38
-1.33
-1.27
-1.12
-1.10
-0.90
-1.10
-0.89
-0.77
-0.56
-0.45
-0.27
-0.18
-0.02
-0.12
-0.38
-0.54
-0.69
-0.80
-0.89
-0.96
-1.02
-1.06
-1.11
-1.16
-1.21
-1.25
-1.29
-1.32
-1.34
-1.36
-1.38
-1.37
-1.29
-1.26
-1.24
-1.24
-1.24
-1.25
-1.26
-1.27
-1.29
-1.30
-1.31
-1.32
-1.32
-1.29
-1.28
-1.25
-1.24
-1.21
-1.20
-1.18
-1.16
-1.14
-1.12
-1.10
-1.08
-1.06
-1.04
-1.02
-1.01
-0.99
-1.01
-1.01
-1.08
-1.02
-1.19
-1.07
-1.29
-1.14
-1.31
-1.20
-1.29
-1.19
-1.31
-1.20
-1.33
-1.22
-1.33
-1.23
-1.32
-1.22
-1.31
-1.22
-1.30
-1.20
-1.29
-1.14
-1.31
-1.08
-1.33
-1.06
-1.33
-1.03
-1.30
-0.98
-1.25
-0.92
-1.18
-0.86
-1.12
-0.83
-0.92
-0.72
-0.84
-0.66
-0.76
-0.55
-0.72
-0.52
-0.61
-0.45
-0.48
-0.35
-0.41
-0.27
-0.33
-0.22
-0.23
-0.16
-0.14
-0.09
-0.06
-0.01
0.03
0.08
0.12
0.17
0.22
0.26
0.32
0.36
0.43
0.47
0.53
0.59
0.65
0.71
0.77
0.84
0.90
0.97
0.96
0.95
-0.77
-0.57
-0.10
0.23
0.64
0.93
1.28
1.45
1.39
1.37
1.32
1.27
1.20
1.18
1.11
0.91
0.73
0.57
0.43
0.32
0.21
0.13
0.05
-0.01
-0.06
-0.11
-0.14
-0.18
-0.20
-0.24
-0.25
-0.27
-0.28
-0.30
-0.30
-0.33
-0.32
-0.34
-0.34
-0.35
-0.37
-0.34
-0.38
-0.36
-0.39
-0.38
-0.39
-0.38
-0.40
-0.39
-0.42
-0.37
-0.40
-0.40
-0.42
-0.41
-0.40
-0.43
-0.42
-0.41
-0.42
-0.42
-0.40
-0.43
-0.39
-0.42
-0.41
-0.42
-0.39
-0.41
-0.38
-0.40
-0.39
-0.38
-0.38
-0.35
-0.37
-0.36
-0.34
-0.33
-0.33
-0.32
-0.30
-0.30
-0.27
-0.27
-0.26
-0.23
-0.23
-0.21
-0.19
-0.18
-0.16
-0.14
-0.12
-0.11
-0.09
-0.06
-0.05
-0.02
-0.00
0.02
0.04
0.07
0.09
0.11
0.15
0.16
0.20
0.22
0.25
0.26
0.33
0.31
0.42
0.38
0.49
0.43
0.57
0.48
0.65
0.54
0.72
0.59
0.80
0.64
0.87
0.69
0.94
0.73
1.00
0.77
1.07
0.80
1.13
0.83
1.18
0.86
1.23
0.88
1.26
0.90
1.31
0.92
1.36
0.95
1.38
0.97
1.43
1.01
1.43
1.01
1.48
1.07
1.50
1.07
1.52
1.11
1.55
1.12
1.54
1.12
1.56
1.15
1.54
1.14
1.37
1.01
1.47
1.08
1.35
1.04
1.30
0.96
1.24
0.91
1.14
0.83
1.17
0.84
0.99
0.71
0.96
0.68
0.85
0.60
0.74
0.51
0.60
0.40
0.43
0.28
0.23
0.13
0.06
-0.04
-0.13
-0.21
-0.31
-0.38
-0.48
-0.54
-0.71
-0.76
-0.83
-0.91
-1.08
-1.21
-1.34
-1.35
-1.41
-1.47
-1.61
-1.62
-1.70
-2.00
0.04
0.05
0.15
0.22
0.27
0.30
0.31
0.31
0.29
0.26
0.23
0.20
0.15
0.10
0.04
-0.03
-0.10
-0.17
-0.25
-0.33
-0.40
-0.47
-0.53
-0.60
-0.66
-0.72
-0.78
-0.83
-0.87
-0.91
-0.93
-0.97
-0.98
-1.01
-1.02
-1.05
-1.05
-1.08
-1.08
-1.13
-1.21
-1.27
-1.26
-1.24
-1.33
-1.26
-1.37
-1.33
-1.43
-1.33
-1.42
-1.43
-1.42
-1.52
-1.42
-1.52
-1.45
-1.55
-1.58
-1.55
-1.61
-1.64
-1.70
-1.62
-1.72
-1.63
-1.72
-1.66
-1.75
-1.71
-1.80
-1.76
-1.85
-1.76
-1.86
-1.78
-1.95
-1.80
-2.04
-1.85
-2.09
-1.87
-2.13
-1.84
-2.20
-1.86
-2.23
-1.86
-2.24
-1.84
-2.23
-1.81
-2.23
-1.78
-2.22
-1.75
-2.19
-1.72
-2.17
-1.68
-2.14
-1.64
-2.10
-1.60
-2.06
-1.56
-2.02
-1.52
-1.96
-1.47
-1.91
-1.42
-1.90
-1.42
-1.77
-1.33
-1.77
-1.34
-1.69
-1.26
-1.60
-1.23
-1.41
-1.10
-1.35
-1.02
-1.32
-1.01
-1.12
-0.84
-1.06
-0.79
-0.94
-0.69
-0.82
-0.60
-0.66
-0.48
-0.60
-0.42
-0.42
-0.32
-0.31
-0.21
-0.15
-0.08
-0.01
0.06
0.11
0.17
0.22
0.27
0.35
0.41
0.43
0.47
0.49
0.55
0.64
0.65
0.69
0.72
0.76
0.80
0.83
0.85
0.87
0.89
0.99
0.98
1.00
0.97
0.03
0.10
0.43
0.59
0.71
0.71
0.76
0.72
0.72
0.66
0.65
0.61
0.56
0.50
0.42
0.34
0.26
0.18
0.11
0.04
-0.02
-0.07
-0.12
-0.17
-0.21
-0.26
-0.28
-0.31
-0.35
-0.36
-0.39
-0.41
-0.43
-0.44
-0.47
-0.47
-0.48
-0.51
-0.49
-0.53
-0.50
-0.54
-0.54
-0.54
-0.55
-0.56
-0.54
-0.57
-0.53
-0.57
-0.54
-0.57
-0.54
-0.56
-0.56
-0.55
-0.57
-0.52
-0.54
-0.50
-0.52
-0.49
-0.50
-0.47
-0.48
-0.45
-0.47
-0.44
-0.44
-0.39
-0.42
-0.35
-0.38
-0.29
-0.32
-0.23
-0.24
-0.16
-0.15
-0.09
-0.06
-0.00
0.05
0.08
0.15
0.16
0.26
0.25
0.37
0.34
0.47
0.42
0.58
0.51
0.69
0.60
0.79
0.68
0.90
0.76
1.00
0.84
1.09
0.92
1.19
0.99
1.28
1.06
1.36
1.12
1.45
1.19
1.53
1.24
1.60
1.30
1.68
1.35
1.74
1.40
1.78
1.43
1.83
1.47
1.71
1.33
1.68
1.31
1.65
1.33
1.58
1.28
1.62
1.28
1.59
1.22
1.48
1.14
1.45
1.11
1.22
0.91
1.16
0.85
0.99
0.72
0.81
0.57
0.50
0.32
0.27
0.12
0.01
-0.12
-0.26
-0.39
-0.52
-0.65
-0.73
-0.85
-0.84
-0.95
-0.87
-0.95
-1.19
-1.37
-1.59
-1.75
-1.73
-1.73
-1.64
-1.75
-2.11
-2.16
-2.01
-2.11
-2.43
-2.49
-2.37
-2.40
-0.16
-0.22
0.05
0.21
0.37
0.44
0.54
0.54
0.60
0.62
0.62
0.59
0.53
0.50
0.43
0.39
0.33
0.28
0.22
0.17
0.12
0.07
0.02
-0.02
-0.07
-0.10
-0.15
-0.17
-0.22
-0.24
-0.28
-0.31
-0.32
-0.37
-0.38
-0.42
-0.44
-0.45
-0.50
-0.51
-0.55
-0.53
-0.59
-0.57
-0.63
-0.64
-0.69
-0.68
-0.73
-0.71
-0.78
-0.77
-0.84
-0.79
-0.86
-0.88
-0.88
-0.95
-0.93
-1.00
-1.02
-1.02
-1.05
-1.09
-1.09
-1.15
-1.14
-1.26
-1.24
-1.29
-1.31
-1.42
-1.39
-1.47
-1.45
-1.63
-1.42
-1.80
-1.51
-1.90
-1.57
-1.95
-1.60
-2.01
-1.63
-2.05
-1.66
-2.08
-1.69
-2.11
-1.71
-2.13
-1.73
-2.14
-1.74
-2.15
-1.75
-2.16
-1.75
-2.15
-1.75
-2.15
-1.74
-2.14
-1.73
-2.12
-1.72
-2.12
-1.71
-2.09
-1.69
-2.08
-1.67
-2.05
-1.64
-2.02
-1.61
-2.00
-1.59
-1.97
-1.56
-1.94
-1.53
-1.91
-1.50
-1.88
-1.47
-1.84
-1.44
-1.79
-1.40
-1.74
-1.35
-1.68
-1.30
-1.61
-1.24
-1.50
-1.22
-1.36
-1.12
-1.26
-1.04
-1.16
-0.95
-1.05
-0.85
-0.93
-0.75
-0.80
-0.64
-0.66
-0.47
-0.54
-0.36
-0.39
-0.24
-0.19
-0.09
-0.03
0.05
0.13
0.20
0.28
0.35
0.38
0.44
0.43
0.48
0.47
0.50
0.63
0.72
0.83
0.93
1.04
1.12
1.10
1.08
1.02
0.98
0.92
0.97
1.21
1.33
-0.38
-0.52
-0.17
0.12
0.33
0.51
0.62
0.71
0.73
0.77
0.79
0.79
0.77
0.73
0.65
0.59
0.50
0.44
0.35
0.29
0.21
0.16
0.10
0.05
-0.00
-0.05
-0.08
-0.13
-0.15
-0.19
-0.21
-0.24
-0.26
-0.29
-0.31
-0.32
-0.35
-0.34
-0.38
-0.38
-0.42
-0.38
-0.42
-0.42
-0.45
-0.45
-0.47
-0.45
-0.49
-0.46
-0.49
-0.50
-0.50
-0.52
-0.52
-0.51
-0.54
-0.51
-0.54
-0.53
-0.52
-0.54
-0.54
-0.52
-0.52
-0.52
-0.50
-0.52
-0.49
-0.50
-0.49
-0.47
-0.46
-0.45
-0.42
-0.44
-0.39
-0.42
-0.36
-0.39
-0.33
-0.34
-0.27
-0.29
-0.21
-0.22
-0.15
-0.14
-0.08
-0.06
-0.01
0.03
0.07
0.13
0.15
0.23
0.23
0.33
0.31
0.43
0.39
0.53
0.47
0.63
0.55
0.73
0.63
0.83
0.70
0.92
0.77
1.01
0.84
1.09
0.90
1.17
0.96
1.25
1.01
1.33
1.07
1.39
1.12
1.46
1.16
1.53
1.21
1.60
1.26
1.65
1.30
1.70
1.33
1.73
1.35
1.76
1.37
1.78
1.37
1.78
1.37
1.66
1.34
1.59
1.31
1.54
1.27
1.47
1.21
1.43
1.08
1.41
1.06
1.20
0.91
1.08
0.84
0.87
0.66
0.73
0.50
0.51
0.34
0.35
0.19
0.10
-0.01
-0.13
-0.24
-0.35
-0.47
-0.55
-0.65
-0.82
-0.93
-0.96
-1.05
-1.10
-1.21
-1.42
-1.51
-1.48
-1.59
-1.61
-1.77
-1.99
-1.94
-1.91
-1.97
-2.25
-2.25
-0.04
-0.08
0.17
0.29
0.44
0.49
0.58
0.57
0.61
0.61
0.61
0.58
0.55
0.50
0.43
0.37
0.30
0.24
0.17
0.11
0.05
-0.01
-0.06
-0.12
-0.17
-0.21
-0.26
-0.30
-0.34
-0.37
-0.41
-0.43
-0.48
-0.49
-0.53
-0.52
-0.59
-0.59
-0.62
-0.66
-0.63
-0.70
-0.71
-0.72
-0.79
-0.79
-0.80
-0.83
-0.87
-0.85
-0.92
-0.94
-0.93
-0.97
-1.01
-1.01
-1.07
-1.03
-1.11
-1.13
-1.13
-1.20
-1.15
-1.23
-1.20
-1.29
-1.30
-1.30
-1.41
-1.34
-1.54
-1.41
-1.65
-1.47
-1.77
-1.54
-1.87
-1.60
-1.95
-1.64
-2.03
-1.68
-2.08
-1.72
-2.12
-1.74
-2.16
-1.76
-2.18
-1.78
-2.20
-1.79
-2.21
-1.79
-2.21
-1.78
-2.20
-1.78
-2.19
-1.76
-2.18
-1.75
-2.16
-1.73
-2.14
-1.71
-2.12
-1.68
-2.08
-1.65
-2.06
-1.63
-2.03
-1.59
-2.00
-1.57
-1.98
-1.54
-1.94
-1.51
-1.91
-1.48
-1.88
-1.45
-1.83
-1.41
-1.78
-1.36
-1.72
-1.32
-1.65
-1.26
-1.59
-1.20
-1.40
-1.11
-1.27
-1.04
-1.18
-0.96
-1.08
-0.88
-0.97
-0.73
-0.93
-0.69
-0.77
-0.60
-0.62
-0.48
-0.47
-0.35
-0.32
-0.21
-0.18
-0.09
-0.02
0.06
0.13
0.20
0.27
0.34
0.43
0.48
0.54
0.60
0.65
0.71
0.76
0.80
0.82
0.89
0.91
0.98
1.09
1.06
1.01
1.07
1.19
1.21
1.23
-0.25
-0.35
-0.01
0.19
0.41
0.50
0.64
0.65
0.73
0.76
0.76
0.74
0.71
0.63
0.57
0.49
0.43
0.35
0.28
0.20
0.15
0.09
0.04
-0.02
-0.06
-0.10
-0.14
-0.18
-0.21
-0.24
-0.27
-0.29
-0.31
-0.33
-0.34
-0.38
-0.38
-0.39
-0.40
-0.43
-0.43
-0.43
-0.47
-0.43
-0.47
-0.48
-0.48
-0.51
-0.48
-0.52
-0.51
-0.51
-0.52
-0.53
-0.52
-0.54
-0.52
-0.54
-0.52
-0.54
-0.54
-0.52
-0.52
-0.53
-0.51
-0.52
-0.48
-0.50
-0.47
-0.48
-0.47
-0.44
-0.45
-0.43
-0.44
-0.38
-0.42
-0.34
-0.38
-0.29
-0.32
-0.24
-0.25
-0.18
-0.17
-0.11
-0.09
-0.03
0.01
0.05
0.11
0.13
0.21
0.21
0.31
0.29
0.41
0.37
0.51
0.45
0.61
0.53
0.71
0.61
0.80
0.68
0.90
0.76
0.99
0.82
1.07
0.89
1.16
0.95
1.24
1.01
1.32
1.07
1.39
1.12
1.46
1.17
1.53
1.22
1.59
1.26
1.65
1.30
1.70
1.34
1.73
1.36
1.77
1.38
1.78
1.39
1.78
1.37
1.80
1.41
1.56
1.29
1.51
1.25
1.45
1.11
1.48
1.15
1.29
1.03
1.15
0.87
1.06
0.80
0.86
0.65
0.67
0.48
0.52
0.35
0.31
0.18
0.10
-0.01
-0.11
-0.21
-0.31
-0.41
-0.56
-0.69
-0.77
-0.87
-0.95
-1.07
-1.13
-1.24
-1.28
-1.38
-1.58
-1.55
-1.63
-1.82
-1.84
-1.90
-1.98
-2.04
-2.36
-2.27
-2.36
-0.11
-0.18
0.10
0.27
0.41
0.50
0.57
0.61
0.62
0.66
0.65
0.63
0.60
0.56
0.49
0.44
0.37
0.31
0.25
0.19
0.13
0.07
0.02
-0.03
-0.08
-0.13
-0.17
-0.22
-0.26
-0.30
-0.33
-0.36
-0.40
-0.41
-0.46
-0.47
-0.51
-0.50
-0.56
-0.58
-0.59
-0.62
-0.65
-0.68
-0.68
-0.73
-0.71
-0.78
-0.75
-0.82
-0.82
-0.89
-0.83
-0.90
-0.93
-0.95
-1.00
-0.96
-1.04
-1.01
-1.08
-1.10
-1.12
-1.17
-1.16
-1.24
-1.26
-1.25
-1.27
-1.33
-1.36
-1.34
-1.42
-1.47
-1.52
-1.46
-1.63
-1.49
-1.80
-1.55
-1.91
-1.62
-1.98
-1.67
-2.05
-1.71
-2.10
-1.74
-2.13
-1.75
-2.16
-1.77
-2.18
-1.78
-2.19
-1.78
-2.20
-1.78
-2.20
-1.77
-2.19
-1.76
-2.18
-1.75
-2.16
-1.73
-2.14
-1.71
-2.12
-1.68
-2.09
-1.66
-2.07
-1.63
-2.04
-1.60
-2.01
-1.57
-1.98
-1.55
-1.95
-1.52
-1.91
-1.49
-1.88
-1.46
-1.85
-1.42
-1.79
-1.37
-1.75
-1.34
-1.67
-1.28
-1.61
-1.23
-1.39
-1.13
-1.31
-1.07
-1.22
-0.93
-1.23
-0.94
-1.04
-0.85
-0.93
-0.75
-0.82
-0.62
-0.72
-0.52
-0.56
-0.40
-0.42
-0.28
-0.28
-0.18
-0.16
-0.07
-0.01
0.05
0.14
0.20
0.26
0.32
0.42
0.48
0.50
0.56
0.58
0.64
0.75
0.82
0.80
0.81
0.85
0.94
1.04
1.01
0.99
1.03
1.15
1.15
1.13
-0.17
-0.27
0.02
0.22
0.40
0.51
0.61
0.65
0.71
0.73
0.73
0.70
0.66
0.59
0.53
0.45
0.39
0.31
0.25
0.18
0.12
0.06
0.00
-0.05
-0.09
-0.13
-0.18
-0.21
-0.25
-0.27
-0.30
-0.31
-0.36
-0.36
-0.38
-0.40
-0.41
-0.42
-0.45
-0.43
-0.47
-0.47
-0.47
-0.49
-0.50
-0.49
-0.52
-0.50
-0.53
-0.53
-0.52
-0.52
-0.55
-0.52
-0.55
-0.52
-0.55
-0.54
-0.53
-0.53
-0.54
-0.50
-0.52
-0.49
-0.51
-0.51
-0.48
-0.48
-0.46
-0.47
-0.45
-0.43
-0.43
-0.42
-0.38
-0.40
-0.32
-0.36
-0.28
-0.30
-0.22
-0.23
-0.15
-0.14
-0.08
-0.05
-0.00
0.05
0.08
0.15
0.16
0.25
0.25
0.35
0.33
0.46
0.41
0.56
0.49
0.66
0.58
0.76
0.65
0.86
0.73
0.95
0.80
1.04
0.87
1.13
0.94
1.21
1.00
1.29
1.05
1.36
1.11
1.44
1.16
1.51
1.21
1.57
1.26
1.64
1.30
1.70
1.34
1.73
1.37
1.77
1.39
1.79
1.40
1.79
1.40
1.80
1.39
1.65
1.34
1.57
1.30
1.50
1.24
1.42
1.17
1.32
1.05
1.26
0.95
1.15
0.90
0.92
0.72
0.71
0.52
0.51
0.33
0.27
0.13
0.02
-0.10
-0.23
-0.34
-0.43
-0.55
-0.72
-0.81
-0.89
-1.01
-1.08
-1.20
-1.37
-1.41
-1.49
-1.57
-1.65
-1.72
-1.79
-1.87
-1.93
-2.17
-2.17
-2.19
-2.29
-2.34
-0.25
-0.33
-0.01
0.18
0.37
0.47
0.58
0.61
0.68
0.71
0.71
0.70
0.67
0.61
0.56
0.49
0.44
0.37
0.32
0.26
0.20
0.14
0.09
0.04
-0.01
-0.06
-0.10
-0.14
-0.19
-0.22
-0.26
-0.29
-0.33
-0.36
-0.37
-0.43
-0.42
-0.48
-0.48
-0.54
-0.50
-0.56
-0.58
-0.60
-0.64
-0.66
-0.66
-0.72
-0.69
-0.76
-0.77
-0.78
-0.84
-0.79
-0.86
-0.90
-0.88
-0.94
-0.97
-1.01
-0.98
-1.05
-1.02
-1.09
-1.06
-1.14
-1.15
-1.21
-1.20
-1.26
-1.22
-1.30
-1.32
-1.31
-1.40
-1.43
-1.50
-1.44
-1.62
-1.50
-1.76
-1.54
-1.86
-1.61
-1.94
-1.64
-2.02
-1.69
-2.07
-1.72
-2.11
-1.75
-2.14
-1.76
-2.16
-1.77
-2.18
-1.78
-2.19
-1.78
-2.19
-1.77
-2.18
-1.76
-2.17
-1.75
-2.16
-1.73
-2.14
-1.71
-2.12
-1.69
-2.10
-1.66
-2.07
-1.63
-2.04
-1.60
-2.01
-1.57
-1.98
-1.54
-1.95
-1.52
-1.92
-1.49
-1.88
-1.45
-1.85
-1.42
-1.81
-1.39
-1.75
-1.34
-1.71
-1.30
-1.64
-1.25
-1.57
-1.23
-1.37
-1.11
-1.28
-1.04
-1.19
-0.97
-1.12
-0.84
-1.08
-0.81
-0.89
-0.68
-0.77
-0.57
-0.63
-0.48
-0.49
-0.36
-0.35
-0.24
-0.25
-0.14
-0.09
-0.02
0.05
0.12
0.18
0.25
0.33
0.39
0.44
0.49
0.53
0.58
0.66
0.70
0.75
0.78
0.80
0.89
0.90
0.93
0.93
1.02
1.14
1.09
1.05
1.17
-0.14
-0.24
0.07
0.22
0.42
0.48
0.61
0.61
0.66
0.62
0.64
0.64
0.61
0.56
0.51
0.43
0.36
0.28
0.22
0.15
0.09
0.02
-0.03
-0.07
-0.13
-0.17
-0.19
-0.24
-0.26
-0.30
-0.32
-0.35
-0.36
-0.39
-0.40
-0.41
-0.44
-0.44
-0.45
-0.45
-0.49
-0.48
-0.49
-0.49
-0.51
-0.50
-0.53
-0.52
-0.52
-0.53
-0.54
-0.52
-0.55
-0.55
-0.53
-0.53
-0.55
-0.52
-0.55
-0.51
-0.54
-0.53
-0.51
-0.50
-0.51
-0.50
-0.47
-0.46
-0.47
-0.42
-0.44
-0.42
-0.39
-0.38
-0.37
-0.36
-0.31
-0.32
-0.25
-0.27
-0.19
-0.19
-0.13
-0.11
-0.05
-0.02
0.03
0.08
0.11
0.18
0.19
0.28
0.27
0.39
0.36
0.49
0.44
0.59
0.52
0.70
0.60
0.80
0.68
0.89
0.75
0.99
0.83
1.08
0.89
1.16
0.96
1.24
1.02
1.32
1.07
1.40
1.13
1.47
1.18
1.53
1.23
1.59
1.27
1.66
1.31
1.71
1.35
1.74
1.37
1.79
1.39
1.79
1.41
1.79
1.39
1.78
1.45
1.61
1.34
1.55
1.29
1.48
1.23
1.40
1.12
1.35
1.01
1.28
0.96
1.04
0.76
0.87
0.64
0.64
0.47
0.42
0.28
0.18
0.06
-0.05
-0.17
-0.28
-0.39
-0.51
-0.64
-0.79
-0.93
-1.03
-1.12
-1.19
-1.33
-1.39
-1.52
-1.60
-1.68
-1.71
-1.85
-2.08
-2.02
-2.09
-2.14
-2.40
-2.48
-0.33
-0.41
-0.07
0.17
0.36
0.51
0.60
0.69
0.76
0.79
0.80
0.79
0.76
0.69
0.64
0.56
0.50
0.42
0.36
0.28
0.23
0.16
0.12
0.07
0.02
-0.03
-0.07
-0.11
-0.15
-0.19
-0.22
-0.26
-0.29
-0.32
-0.35
-0.37
-0.41
-0.43
-0.46
-0.49
-0.48
-0.54
-0.55
-0.57
-0.59
-0.63
-0.65
-0.65
-0.71
-0.66
-0.73
-0.77
-0.75
-0.80
-0.83
-0.87
-0.84
-0.91
-0.87
-0.95
-0.98
-0.97
-1.04
-1.00
-1.07
-1.11
-1.09
-1.17
-1.13
-1.20
-1.20
-1.27
-1.29
-1.28
-1.34
-1.37
-1.34
-1.44
-1.46
-1.47
-1.55
-1.64
-1.53
-1.76
-1.54
-1.90
-1.63
-1.98
-1.68
-2.05
-1.71
-2.09
-1.74
-2.13
-1.76
-2.15
-1.77
-2.18
-1.77
-2.19
-1.77
-2.19
-1.77
-2.19
-1.76
-2.18
-1.75
-2.17
-1.73
-2.15
-1.71
-2.13
-1.68
-2.11
-1.66
-2.08
-1.63
-2.05
-1.60
-2.02
-1.57
-1.99
-1.54
-1.96
-1.51
-1.92
-1.48
-1.89
-1.45
-1.87
-1.43
-1.82
-1.38
-1.77
-1.34
-1.73
-1.31
-1.65
-1.24
-1.61
-1.22
-1.50
-1.17
-1.32
-1.07
-1.24
-1.01
-1.15
-0.87
-1.13
-0.84
-0.96
-0.75
-0.83
-0.65
-0.69
-0.51
-0.63
-0.44
-0.48
-0.33
-0.34
-0.23
-0.22
-0.13
-0.09
-0.02
0.04
0.11
0.16
0.22
0.31
0.38
0.45
0.49
0.51
0.54
0.61
0.69
0.73
0.74
0.77
0.85
0.89
0.93
0.96
0.98
1.01
1.02
1.13
1.15
-0.08
-0.13
0.15
0.26
0.43
0.49
0.58
0.57
0.61
0.59
0.59
0.57
0.53
0.48
0.41
0.34
0.27
0.20
0.13
0.07
0.01
-0.04
-0.10
-0.13
-0.19
-0.22
-0.26
-0.29
-0.30
-0.35
-0.36
-0.40
-0.38
-0.43
-0.42
-0.46
-0.43
-0.47
-0.47
-0.50
-0.47
-0.51
-0.49
-0.53
-0.52
-0.53
-0.54
-0.52
-0.55
-0.51
-0.55
-0.55
-0.53
-0.55
-0.55
-0.54
-0.56
-0.52
-0.54
-0.53
-0.51
-0.53
-0.48
-0.50
-0.49
-0.46
-0.46
-0.45
-0.42
-0.43
-0.39
-0.41
-0.35
-0.38
-0.31
-0.33
-0.25
-0.27
-0.19
-0.19
-0.13
-0.11
-0.05
-0.02
0.03
0.08
0.11
0.18
0.19
0.29
0.27
0.39
0.36
0.49
0.44
0.60
0.52
0.70
0.60
0.80
0.68
0.89
0.75
0.99
0.83
1.08
0.89
1.16
0.96
1.24
1.02
1.32
1.07
1.40
1.13
1.47
1.18
1.54
1.23
1.61
1.28
1.67
1.32
1.72
1.36
1.75
1.38
1.79
1.40
1.80
1.41
1.79
1.39
1.81
1.41
1.57
1.30
1.51
1.22
1.52
1.22
1.38
1.09
1.32
1.06
1.16
0.94
1.01
0.78
0.84
0.60
0.69
0.46
0.44
0.28
0.19
0.06
-0.06
-0.18
-0.29
-0.41
-0.46
-0.57
-0.57
-0.65
-0.83
-0.99
-1.16
-1.33
-1.51
-1.57
-1.59
-1.57
-1.55
-1.68
-1.92
-1.93
-2.03
-2.11
-2.19
-2.18
-2.16
-2.64
-0.25
-0.32
0.01
0.25
0.39
0.54
0.60
0.69
0.68
0.74
0.75
0.74
0.72
0.68
0.61
0.56
0.48
0.43
0.36
0.30
0.23
0.18
0.12
0.07
0.02
-0.02
-0.07
-0.10
-0.15
-0.19
-0.23
-0.26
-0.30
-0.31
-0.36
-0.36
-0.42
-0.43
-0.47
-0.49
-0.53
-0.52
-0.58
-0.56
-0.62
-0.61
-0.68
-0.63
-0.70
-0.72
-0.74
-0.78
-0.75
-0.82
-0.85
-0.84
-0.88
-0.91
-0.92
-0.98
-1.00
-0.99
-1.06
-1.01
-1.08
-1.06
-1.13
-1.15
-1.20
-1.19
-1.26
-1.21
-1.30
-1.31
-1.31
-1.44
-1.34
-1.56
-1.44
-1.66
-1.49
-1.76
-1.52
-1.87
-1.60
-1.94
-1.63
-2.02
-1.68
-2.07
-1.71
-2.11
-1.73
-2.14
-1.75
-2.16
-1.76
-2.17
-1.76
-2.18
-1.76
-2.18
-1.75
-2.17
-1.74
-2.16
-1.73
-2.15
-1.71
-2.13
-1.69
-2.11
-1.67
-2.09
-1.64
-2.06
-1.62
-2.03
-1.59
-2.01
-1.56
-1.97
-1.53
-1.94
-1.50
-1.93
-1.48
-1.89
-1.45
-1.85
-1.42
-1.82
-1.39
-1.75
-1.34
-1.71
-1.29
-1.64
-1.25
-1.57
-1.19
-1.35
-1.07
-1.24
-0.97
-1.24
-0.98
-1.11
-0.90
-1.01
-0.82
-0.91
-0.70
-0.83
-0.61
-0.69
-0.52
-0.54
-0.38
-0.43
-0.29
-0.30
-0.19
-0.16
-0.08
-0.02
0.05
0.13
0.20
0.26
0.33
0.38
0.44
0.49
0.54
0.56
0.61
0.72
0.75
0.74
0.79
0.88
0.87
0.94
0.98
1.03
1.07
1.02
1.09
1.11
-0.05
-0.09
0.20
0.31
0.48
0.52
0.61
0.60
0.63
0.58
0.59
0.58
0.54
0.49
0.41
0.34
0.27
0.21
0.14
0.07
0.01
-0.04
-0.10
-0.14
-0.19
-0.22
-0.25
-0.29
-0.32
-0.34
-0.37
-0.37
-0.41
-0.42
-0.44
-0.43
-0.47
-0.47
-0.47
-0.48
-0.50
-0.49
-0.52
-0.50
-0.54
-0.53
-0.52
-0.53
-0.55
-0.52
-0.55
-0.52
-0.55
-0.54
-0.54
-0.55
-0.52
-0.54
-0.52
-0.54
-0.51
-0.52
-0.49
-0.51
-0.49
-0.47
-0.45
-0.44
-0.44
-0.41
-0.43
-0.37
-0.40
-0.33
-0.36
-0.28
-0.30
-0.22
-0.23
-0.16
-0.15
-0.09
-0.06
-0.01
0.04
0.07
0.14
0.15
0.24
0.24
0.34
0.32
0.45
0.40
0.55
0.49
0.65
0.57
0.75
0.65
0.85
0.72
0.95
0.80
1.04
0.87
1.12
0.93
1.21
1.00
1.29
1.05
1.37
1.11
1.45
1.16
1.51
1.21
1.59
1.26
1.65
1.31
1.70
1.35
1.75
1.38
1.78
1.40
1.80
1.41
1.81
1.41
1.81
1.41
1.63
1.35
1.58
1.31
1.51
1.22
1.43
1.09
1.43
1.10
1.21
0.96
1.04
0.80
0.90
0.66
0.74
0.54
0.50
0.35
0.28
0.15
0.05
-0.07
-0.18
-0.29
-0.39
-0.49
-0.65
-0.79
-0.95
-2.28
-2.77
2.89
2.53
2.20
1.90
2.18
2.02
2.27
2.11
2.31
2.19
2.34
2.24
2.32
2.25
2.27
1.80
2.15
1.77
1.51
1.29
1.12
0.97
0.84
0.73
0.60
0.47
0.31
0.11
-0.17
-0.69
-1.40
-2.26
-2.79
-3.07
-3.28
-3.26
-3.14
-2.74
-2.36
-2.20
-2.03
-1.83
-1.77
-1.64
-1.65
-1.51
-1.51
-1.42
-1.37
-1.35
-1.30
-1.31
-1.27
-1.32
-1.38
-1.36
-1.73
-1.48
-1.93
-1.50
-1.90
-1.41
-1.84
-1.46
-1.87
-1.55
-1.78
-1.60
-1.69
-1.55
-1.48
-1.44
-1.25
-1.25
-0.97
-0.98
-0.74
-0.81
-0.68
-0.84
-0.57
-0.49
-0.67
-0.82
-0.91
-0.99
-1.13
-1.19
-1.27
-1.31
-1.36
-1.41
-1.47
-1.53
-1.58
-1.63
-1.66
-1.69
-1.71
-1.73
-1.68
-1.64
-1.61
-1.59
-1.58
-1.56
-1.54
-1.52
-1.47
-1.44
-1.42
-1.39
-1.34
-1.34
-1.31
-1.31
-1.28
-1.27
-1.23
-1.22
-1.19
-1.17
-1.14
-1.12
-1.09
-1.07
-1.04
-1.02
-0.99
-0.97
-0.96
-0.99
-0.98
-1.04
-0.98
-1.13
-1.02
-1.21
-1.07
-1.22
-1.11
-1.16
-1.07
-1.14
-1.05
-1.13
-1.04
-1.12
-1.02
-1.08
-0.99
-1.04
-0.93
-1.02
-0.87
-1.01
-0.82
-1.00
-0.80
-0.82
-0.63
-0.81
-0.60
-0.68
-0.50
-0.59
-0.41
-0.50
-0.34
-0.43
-0.30
-0.31
-0.21
-0.24
-0.15
-0.13
-0.07
-0.04
0.00
0.05
0.07
0.13
0.12
0.20
0.18
0.27
0.25
0.33
0.33
0.40
0.41
0.48
0.48
0.55
0.56
0.63
0.63
0.70
0.70
0.78
0.78
0.85
0.85
0.93
0.93
1.00
-1.21
-1.27
-1.36
-1.43
-1.56
-1.80
-2.06
-1.58
-1.17
-0.73
-0.36
0.08
0.17
0.73
0.72
1.15
1.38
1.70
1.87
2.16
2.20
2.46
2.42
2.62
2.53
2.70
2.56
2.70
2.54
2.65
2.41
2.46
2.27
2.31
2.07
2.10
1.92
1.94
1.74
1.76
1.58
1.61
1.42
1.44
1.45
1.46
1.45
1.44
1.42
1.35
1.24
1.18
1.11
1.04
0.99
0.89
0.86
0.78
0.70
0.66
0.59
0.52
0.47
0.41
0.34
0.30
0.23
0.19
0.13
0.08
0.04
-0.00
-0.04
-0.08
-0.11
-0.14
-0.16
-0.19
-0.21
-0.23
-0.24
-0.26
-0.27
-0.29
-0.30
-0.31
-0.32
-0.34
-0.33
-0.36
-0.34
-0.37
-0.36
-0.39
-0.38
-0.38
-0.39
-0.40
-0.40
-0.38
-0.41
-0.39
-0.42
-0.39
-0.42
-0.40
-0.42
-0.41
-0.40
-0.42
-0.39
-0.41
-0.40
-0.39
-0.40
-0.37
-0.38
-0.38
-0.36
-0.37
-0.33
-0.35
-0.34
-0.33
-0.33
-0.30
-0.31
-0.28
-0.28
-0.25
-0.25
-0.23
-0.22
-0.20
-0.18
-0.17
-0.15
-0.14
-0.11
-0.09
-0.07
-0.05
-0.03
-0.01
0.01
0.04
0.06
0.08
0.12
0.13
0.18
0.18
0.25
0.24
0.33
0.30
0.41
0.35
0.49
0.41
0.56
0.47
0.64
0.52
0.72
0.57
0.79
0.62
0.86
0.66
0.93
0.70
0.99
0.74
1.04
0.78
1.10
0.81
1.16
0.84
1.21
0.87
1.26
0.90
1.30
0.92
1.34
0.95
1.37
0.97
1.41
1.00
1.44
1.02
1.47
1.05
1.49
1.06
1.52
1.11
1.54
1.12
1.57
1.16
1.43
1.06
1.42
1.08
1.40
1.03
1.37
1.01
1.43
1.05
1.24
0.89
1.31
0.94
1.25
0.91
1.20
0.86
1.11
0.79
1.01
0.72
0.82
0.59
0.70
0.49
0.57
0.39
0.43
0.29
0.28
0.17
0.11
0.03
-0.05
-0.12
-0.24
-0.30
-0.39
-0.46
-0.62
-0.68
-0.71
-0.78
-0.93
-1.03
-1.02
-1.09
-1.23
-1.28
-1.30
-1.40
-1.58
-1.58
-1.62
-0.15
-0.17
-0.22
-0.28
-0.34
-0.40
-0.46
-0.51
-0.56
-0.61
-0.68
-0.77
-0.86
-0.95
-1.04
-1.13
-1.18
-1.25
-1.29
-1.36
-1.41
-1.47
-1.51
-1.57
-1.61
-1.66
-1.70
-1.74
-1.75
-1.78
-1.77
-1.79
-1.78
-1.79
-1.78
-1.79
-1.78
-1.83
-1.92
-1.88
-1.85
-1.95
-1.83
-1.95
-1.82
-1.94
-1.92
-1.89
-1.94
-1.99
-1.88
-2.12
-1.87
-2.26
-1.97
-2.29
-1.93
-2.41
-1.97
-2.43
-1.97
-2.46
-1.96
-2.46
-1.94
-2.46
-1.92
-2.44
-1.88
-2.40
-1.84
-2.38
-1.80
-2.36
-1.76
-2.32
-1.71
-2.28
-1.66
-2.23
-1.61
-2.17
-1.56
-2.11
-1.51
-2.05
-1.47
-2.01
-1.46
-1.97
-1.44
-1.93
-1.42
-1.70
-1.27
-1.65
-1.25
-1.61
-1.21
-1.55
-1.16
-1.45
-1.07
-1.45
-1.06
-1.32
-0.95
-1.24
-0.90
-1.16
-0.84
-1.06
-0.76
-0.95
-0.68
-0.84
-0.59
-0.71
-0.51
-0.56
-0.41
-0.41
-0.30
-0.27
-0.18
-0.13
-0.06
0.00
0.06
0.12
0.17
0.26
0.32
0.40
0.45
0.50
0.56
0.60
0.65
0.76
0.78
0.79
0.86
0.87
0.92
1.03
1.00
1.03
1.10
1.22
1.14
1.21
1.33
-0.19
-0.20
-0.24
-0.27
-0.32
-0.34
-0.38
-0.39
-0.42
-0.44
-0.48
-0.51
-0.55
-0.57
-0.57
-0.59
-0.58
-0.59
-0.59
-0.59
-0.58
-0.57
-0.56
-0.55
-0.53
-0.51
-0.49
-0.47
-0.44
-0.41
-0.38
-0.34
-0.31
-0.27
-0.23
-0.19
-0.15
-0.11
-0.08
-0.04
-0.00
0.04
0.07
0.12
0.16
0.21
0.24
0.32
0.31
0.46
0.41
0.57
0.50
0.68
0.58
0.79
0.65
0.89
0.72
0.97
0.78
1.06
0.84
1.14
0.89
1.22
0.93
1.29
0.98
1.35
1.02
1.41
1.06
1.47
1.11
1.54
1.18
1.50
1.19
1.51
1.20
1.63
1.29
1.56
1.24
1.74
1.33
1.63
1.31
1.75
1.33
1.68
1.34
1.68
1.33
1.65
1.32
1.60
1.30
1.54
1.26
1.45
1.20
1.35
1.13
1.18
1.02
0.97
0.89
0.80
0.72
0.62
0.56
0.51
0.43
0.40
0.30
0.25
0.17
0.10
0.02
-0.05
-0.13
-0.19
-0.26
-0.37
-0.45
-0.50
-0.55
-0.75
-0.78
-0.96
-0.96
-1.17
-1.16
-1.28
-1.25
-1.47
-1.39
-1.64
-1.58
-1.61
-0.59
-0.63
-0.74
-0.82
-0.91
-0.98
-1.04
-1.11
-1.17
-1.29
-1.41
-1.52
-1.61
-1.65
-1.74
-1.77
-1.85
-1.89
-1.96
-2.00
-2.06
-2.10
-2.15
-2.19
-2.24
-2.27
-2.32
-2.35
-2.39
-2.41
-2.44
-2.47
-2.49
-2.51
-2.53
-2.54
-2.56
-2.56
-2.57
-2.58
-2.58
-2.60
-2.62
-2.64
-2.64
-2.66
-2.63
-2.68
-2.56
-2.76
-2.37
-2.99
-2.37
-2.90
-2.29
-2.81
-2.18
-2.73
-2.08
-2.64
-1.99
-2.53
-1.90
-2.43
-1.81
-2.33
-1.73
-2.25
-1.70
-1.94
-1.53
-1.96
-1.54
-1.85
-1.49
-1.74
-1.40
-1.64
-1.32
-1.63
-1.24
-1.49
-1.21
-1.38
-1.14
-1.27
-1.06
-1.15
-0.96
-1.02
-0.85
-0.88
-0.74
-0.74
-0.62
-0.60
-0.49
-0.44
-0.35
-0.29
-0.20
-0.13
-0.05
0.03
0.11
0.19
0.27
0.36
0.44
0.53
0.61
0.65
0.69
0.69
0.71
0.68
0.68
0.67
0.74
0.92
0.98
1.11
1.07
1.03
1.01
1.23
-0.12
-0.15
-0.20
-0.24
-0.30
-0.34
-0.39
-0.42
-0.47
-0.50
-0.54
-0.59
-0.64
-0.69
-0.70
-0.73
-0.74
-0.76
-0.76
-0.77
-0.76
-0.76
-0.75
-0.74
-0.72
-0.70
-0.67
-0.64
-0.60
-0.57
-0.52
-0.48
-0.44
-0.40
-0.35
-0.31
-0.26
-0.21
-0.17
-0.12
-0.07
-0.03
0.03
0.08
0.14
0.20
0.25
0.32
0.36
0.48
0.45
0.64
0.57
0.77
0.67
0.90
0.76
1.02
0.84
1.13
0.92
1.22
1.00
1.33
1.06
1.41
1.11
1.50
1.16
1.56
1.22
1.59
1.30
1.61
1.34
1.64
1.34
1.71
1.37
1.81
1.41
1.82
1.40
1.83
1.42
1.85
1.43
1.84
1.42
1.83
1.41
1.79
1.38
1.74
1.34
1.67
1.28
1.58
1.23
1.47
1.17
1.23
1.08
1.05
0.92
0.86
0.73
0.62
0.52
0.40
0.31
0.20
0.12
0.04
-0.03
-0.08
-0.14
-0.25
-0.36
-0.51
-0.65
-0.70
-0.76
-0.86
-1.02
-1.09
-1.22
-1.28
-1.39
-1.44
-1.54
-1.98
-2.01
-1.95
-1.85
-1.77
-0.06
-0.09
-0.13
-0.19
-0.26
-0.32
-0.39
-0.46
-0.54
-0.61
-0.68
-0.76
-0.87
-0.99
-1.05
-1.14
-1.20
-1.29
-1.33
-1.41
-1.43
-1.50
-1.50
-1.57
-1.58
-1.68
-1.61
-1.73
-1.67
-1.79
-1.75
-1.81
-1.82
-1.93
-1.82
-1.94
-1.89
-2.00
-2.05
-2.00
-2.20
-2.08
-2.41
-2.13
-2.53
-2.20
-2.64
-2.27
-2.70
-2.31
-2.76
-2.33
-2.79
-2.34
-2.80
-2.34
-2.81
-2.32
-2.79
-2.30
-2.77
-2.26
-2.75
-2.23
-2.70
-2.18
-2.67
-2.13
-2.64
-2.09
-2.58
-2.03
-2.55
-1.99
-2.52
-1.96
-2.19
-1.75
-2.22
-1.76
-2.08
-1.68
-2.02
-1.59
-1.93
-1.50
-1.88
-1.44
-1.74
-1.31
-1.67
-1.27
-1.56
-1.18
-1.41
-1.06
-1.30
-0.98
-1.14
-0.85
-0.98
-0.72
-0.77
-0.58
-0.57
-0.41
-0.37
-0.23
-0.16
-0.04
0.06
0.17
0.30
0.41
0.54
0.67
0.77
0.92
0.98
1.10
1.08
1.18
1.12
1.20
1.12
1.17
1.05
1.08
0.92
0.93
0.74
0.72
0.65
0.04
0.08
0.12
0.15
0.16
0.13
0.10
0.05
-0.01
-0.08
-0.14
-0.22
-0.28
-0.35
-0.39
-0.45
-0.50
-0.51
-0.57
-0.59
-0.60
-0.63
-0.64
-0.64
-0.68
-0.63
-0.68
-0.65
-0.68
-0.64
-0.68
-0.64
-0.67
-0.65
-0.63
-0.64
-0.59
-0.61
-0.56
-0.57
-0.54
-0.52
-0.49
-0.49
-0.45
-0.43
-0.41
-0.37
-0.36
-0.30
-0.31
-0.23
-0.22
-0.14
-0.11
-0.04
0.01
0.07
0.14
0.18
0.28
0.29
0.42
0.41
0.56
0.53
0.70
0.64
0.83
0.75
0.96
0.85
1.09
0.95
1.21
1.05
1.33
1.14
1.44
1.22
1.54
1.30
1.65
1.37
1.74
1.44
1.85
1.51
1.87
1.54
1.84
1.56
1.86
1.54
1.96
1.61
1.84
1.47
1.90
1.48
1.97
1.55
1.88
1.45
1.85
1.45
1.69
1.33
1.56
1.25
1.38
1.09
1.24
0.95
1.05
0.79
0.78
0.54
0.59
0.37
0.29
0.12
-0.02
-0.17
-0.33
-0.49
-0.60
-0.76
-0.79
-0.92
-0.90
-0.99
-1.10
-1.24
-1.51
-1.73
-1.85
-1.88
-1.84
-1.82
-1.92
-2.22
-2.25
-2.24
0.04
0.08
0.16
0.21
0.23
0.23
0.19
0.15
0.09
0.02
-0.05
-0.13
-0.23
-0.34
-0.42
-0.52
-0.58
-0.67
-0.74
-0.81
-0.88
-0.90
-1.00
-1.02
-1.11
-1.07
-1.19
-1.20
-1.22
-1.32
-1.26
-1.37
-1.35
-1.47
-1.42
-1.53
-1.46
-1.58
-1.52
-1.63
-1.60
-1.67
-1.74
-1.70
-1.82
-1.77
-1.83
-1.81
-1.86
-1.94
-1.90
-2.06
-1.93
-2.21
-2.00
-2.37
-2.09
-2.49
-2.16
-2.58
-2.22
-2.65
-2.25
-2.69
-2.27
-2.71
-2.28
-2.72
-2.27
-2.72
-2.26
-2.70
-2.23
-2.68
-2.20
-2.66
-2.17
-2.63
-2.14
-2.59
-2.10
-2.55
-2.05
-2.52
-2.01
-2.48
-1.96
-2.43
-1.90
-2.40
-1.87
-2.10
-1.67
-2.07
-1.61
-1.99
-1.60
-1.86
-1.52
-1.76
-1.41
-1.72
-1.33
-1.57
-1.19
-1.44
-1.09
-1.35
-1.01
-1.19
-0.88
-1.06
-0.78
-0.92
-0.67
-0.77
-0.55
-0.61
-0.42
-0.40
-0.26
-0.22
-0.11
-0.03
0.06
0.16
0.25
0.33
0.42
0.47
0.55
0.55
0.62
0.58
0.63
0.57
0.61
0.79
0.92
1.07
1.21
1.21
1.21
1.15
1.12
1.03
1.02
1.26
0.04
0.05
0.08
0.09
0.08
0.06
0.02
-0.02
-0.07
-0.12
-0.18
-0.24
-0.31
-0.38
-0.46
-0.49
-0.55
-0.56
-0.61
-0.60
-0.64
-0.63
-0.68
-0.66
-0.67
-0.69
-0.66
-0.69
-0.63
-0.67
-0.64
-0.64
-0.62
-0.63
-0.61
-0.58
-0.57
-0.54
-0.53
-0.52
-0.48
-0.46
-0.43
-0.42
-0.37
-0.36
-0.32
-0.29
-0.25
-0.22
-0.19
-0.16
-0.10
-0.07
-0.01
0.04
0.08
0.16
0.19
0.29
0.30
0.42
0.41
0.55
0.52
0.69
0.63
0.82
0.73
0.95
0.83
1.07
0.93
1.19
1.02
1.31
1.10
1.41
1.18
1.52
1.25
1.62
1.31
1.71
1.37
1.80
1.45
1.87
1.50
1.75
1.44
1.80
1.45
1.92
1.57
1.84
1.55
1.84
1.55
1.82
1.45
1.89
1.46
1.80
1.38
1.73
1.33
1.65
1.25
1.53
1.16
1.36
1.03
1.17
0.88
0.99
0.75
0.80
0.60
0.52
0.38
0.26
0.13
-0.00
-0.13
-0.24
-0.36
-0.46
-0.57
-0.76
-0.91
-0.97
-1.06
-1.18
-1.24
-1.35
-1.45
-1.55
-1.65
-1.76
-1.76
-1.87
-1.97
-2.14
-2.02
0.09
0.09
0.13
0.14
0.13
0.09
0.05
-0.01
-0.08
-0.15
-0.24
-0.34
-0.45
-0.53
-0.64
-0.70
-0.80
-0.84
-0.95
-0.97
-1.08
-1.11
-1.15
-1.24
-1.19
-1.31
-1.28
-1.40
-1.35
-1.47
-1.42
-1.54
-1.49
-1.61
-1.61
-1.62
-1.65
-1.77
-1.66
-1.77
-1.70
-1.82
-1.80
-1.92
-1.83
-1.92
-1.87
-1.98
-1.92
-2.12
-1.98
-2.28
-2.07
-2.41
-2.12
-2.53
-2.20
-2.62
-2.24
-2.68
-2.27
-2.72
-2.29
-2.74
-2.29
-2.75
-2.28
-2.74
-2.25
-2.72
-2.22
-2.69
-2.18
-2.64
-2.13
-2.61
-2.09
-2.58
-2.05
-2.52
-1.99
-2.49
-1.95
-2.44
-1.89
-2.39
-1.85
-2.35
-1.82
-2.01
-1.59
-1.99
-1.55
-1.98
-1.56
-1.82
-1.46
-1.71
-1.33
-1.66
-1.29
-1.49
-1.16
-1.38
-1.05
-1.28
-0.96
-1.16
-0.85
-1.00
-0.73
-0.87
-0.62
-0.66
-0.47
-0.55
-0.37
-0.34
-0.23
-0.18
-0.07
0.02
0.11
0.20
0.30
0.37
0.46
0.50
0.58
0.57
0.63
0.59
0.63
0.62
0.67
0.85
0.98
1.14
1.15
1.13
1.09
1.04
1.02
1.19
1.37
0.02
0.03
0.06
0.07
0.07
0.05
0.02
-0.02
-0.07
-0.12
-0.18
-0.25
-0.33
-0.40
-0.45
-0.51
-0.54
-0.59
-0.60
-0.64
-0.63
-0.66
-0.65
-0.69
-0.69
-0.67
-0.70
-0.67
-0.70
-0.65
-0.68
-0.62
-0.65
-0.61
-0.63
-0.57
-0.58
-0.54
-0.54
-0.49
-0.49
-0.46
-0.44
-0.41
-0.40
-0.34
-0.32
-0.28
-0.26
-0.21
-0.19
-0.13
-0.10
-0.04
0.01
0.06
0.13
0.16
0.26
0.27
0.39
0.39
0.53
0.50
0.67
0.61
0.80
0.72
0.93
0.82
1.05
0.91
1.18
1.01
1.29
1.09
1.40
1.17
1.51
1.25
1.61
1.32
1.71
1.39
1.81
1.46
1.91
1.54
1.76
1.46
1.88
1.57
1.89
1.59
1.90
1.57
1.90
1.51
1.99
1.56
1.72
1.32
1.78
1.37
1.74
1.35
1.69
1.31
1.48
1.18
1.30
1.00
1.19
0.89
0.98
0.75
0.72
0.56
0.49
0.34
0.21
0.07
-0.06
-0.19
-0.29
-0.41
-0.50
-0.60
-0.79
-0.96
-1.14
-1.21
-1.27
-1.29
-1.30
-1.40
-1.65
-1.75
-1.78
-1.83
-2.05
-2.01
-2.11
-2.16
0.12
0.12
0.18
0.19
0.19
0.17
0.13
0.07
0.00
-0.07
-0.14
-0.22
-0.32
-0.43
-0.54
-0.60
-0.71
-0.74
-0.85
-0.85
-0.97
-1.00
-1.08
-1.10
-1.19
-1.15
-1.26
-1.24
-1.35
-1.36
-1.37
-1.40
-1.50
-1.43
-1.53
-1.50
-1.62
-1.64
-1.64
-1.68
-1.68
-1.72
-1.73
-1.85
-1.77
-1.85
-1.81
-1.92
-1.90
-1.94
-1.94
-2.13
-2.07
-2.23
-2.08
-2.44
-2.13
-2.56
-2.21
-2.64
-2.25
-2.69
-2.27
-2.72
-2.28
-2.74
-2.28
-2.74
-2.27
-2.73
-2.24
-2.70
-2.21
-2.67
-2.17
-2.64
-2.13
-2.60
-2.08
-2.56
-2.04
-2.52
-1.99
-2.47
-1.94
-2.42
-1.88
-2.38
-1.84
-2.33
-1.80
-2.01
-1.57
-2.04
-1.63
-1.91
-1.56
-1.81
-1.48
-1.70
-1.34
-1.64
-1.26
-1.56
-1.18
-1.35
-1.00
-1.25
-0.93
-1.14
-0.84
-0.98
-0.71
-0.79
-0.58
-0.64
-0.46
-0.44
-0.30
-0.26
-0.15
-0.08
0.02
0.11
0.21
0.30
0.39
0.45
0.54
0.55
0.62
0.60
0.65
0.71
0.78
0.94
1.06
1.09
1.10
1.06
1.13
1.18
1.28
1.24
1.35
-0.00
0.03
0.07
0.11
0.11
0.11
0.08
0.05
-0.00
-0.05
-0.10
-0.17
-0.24
-0.31
-0.39
-0.43
-0.49
-0.52
-0.57
-0.57
-0.61
-0.60
-0.65
-0.65
-0.68
-0.64
-0.68
-0.64
-0.68
-0.67
-0.64
-0.64
-0.65
-0.60
-0.63
-0.57
-0.59
-0.55
-0.55
-0.54
-0.51
-0.51
-0.45
-0.45
-0.40
-0.39
-0.35
-0.34
-0.30
-0.27
-0.23
-0.21
-0.16
-0.14
-0.08
-0.04
0.01
0.07
0.11
0.19
0.21
0.32
0.32
0.45
0.43
0.58
0.54
0.71
0.64
0.84
0.74
0.96
0.84
1.09
0.93
1.20
1.01
1.31
1.09
1.41
1.16
1.51
1.22
1.61
1.28
1.69
1.34
1.78
1.42
1.78
1.44
1.77
1.46
1.78
1.44
1.86
1.49
1.90
1.54
1.73
1.36
1.88
1.45
1.83
1.42
1.81
1.39
1.74
1.33
1.66
1.27
1.45
1.12
1.44
1.08
1.20
0.90
1.07
0.80
0.86
0.65
0.61
0.44
0.33
0.18
0.04
-0.11
-0.26
-0.41
-0.51
-0.65
-0.69
-0.80
-0.79
-0.88
-0.82
-0.89
-1.18
-1.39
-1.65
-1.89
-1.92
-1.95
-1.88
-1.86
-1.72
-1.73
0.08
0.09
0.12
0.13
0.11
0.08
0.03
-0.04
-0.11
-0.18
-0.27
-0.37
-0.48
-0.59
-0.67
-0.77
-0.83
-0.92
-0.95
-1.05
-1.10
-1.19
-1.16
-1.28
-1.25
-1.37
-1.40
-1.39
-1.44
-1.53
-1.47
-1.59
-1.54
-1.63
-1.67
-1.65
-1.78
-1.69
-1.79
-1.72
-1.84
-1.77
-1.89
-1.86
-1.91
-1.91
-2.02
-1.96
-2.03
-1.99
-2.20
-2.12
-2.29
-2.12
-2.49
-2.18
-2.60
-2.24
-2.67
-2.28
-2.71
-2.30
-2.74
-2.30
-2.75
-2.29
-2.75
-2.28
-2.73
-2.25
-2.71
-2.21
-2.68
-2.16
-2.64
-2.11
-2.60
-2.06
-2.55
-2.00
-2.50
-1.95
-2.45
-1.89
-2.40
-1.84
-2.34
-1.81
-2.18
-1.74
-2.05
-1.68
-1.94
-1.59
-1.82
-1.42
-1.83
-1.41
-1.61
-1.23
-1.55
-1.18
-1.36
-1.04
-1.29
-0.98
-1.10
-0.82
-1.02
-0.75
-0.86
-0.62
-0.72
-0.51
-0.52
-0.37
-0.38
-0.24
-0.17
-0.08
0.01
0.10
0.19
0.29
0.36
0.45
0.48
0.55
0.54
0.59
0.59
0.64
0.80
0.91
1.03
1.03
1.02
0.98
0.98
1.14
1.29
1.23
1.18
1.24
0.03
0.05
0.07
0.09
0.08
0.06
0.02
-0.02
-0.07
-0.12
-0.18
-0.25
-0.33
-0.40
-0.45
-0.51
-0.53
-0.58
-0.59
-0.63
-0.62
-0.67
-0.66
-0.70
-0.65
-0.69
-0.66
-0.69
-0.67
-0.66
-0.67
-0.63
-0.65
-0.59
-0.61
-0.57
-0.58
-0.54
-0.53
-0.52
-0.48
-0.47
-0.45
-0.40
-0.38
-0.34
-0.32
-0.28
-0.26
-0.21
-0.19
-0.13
-0.10
-0.05
0.00
0.05
0.12
0.15
0.25
0.26
0.38
0.38
0.52
0.49
0.65
0.60
0.78
0.70
0.91
0.80
1.04
0.90
1.16
0.99
1.27
1.07
1.38
1.16
1.49
1.24
1.59
1.31
1.69
1.38
1.79
1.44
1.88
1.52
1.76
1.42
1.88
1.56
1.88
1.59
1.87
1.58
1.88
1.58
1.85
1.47
1.93
1.50
1.79
1.37
1.74
1.34
1.69
1.29
1.56
1.18
1.42
1.07
1.24
0.96
0.98
0.75
0.78
0.59
0.51
0.35
0.22
0.06
-0.09
-0.25
-0.39
-0.54
-0.62
-0.75
-0.77
-0.88
-0.85
-0.93
-0.86
-0.93
-1.25
-1.47
-1.75
-2.00
-2.23
-2.22
-2.22
-2.15
-2.10
0.02
0.07
0.14
0.20
0.21
0.22
0.18
0.14
0.08
0.02
-0.06
-0.14
-0.24
-0.36
-0.47
-0.55
-0.65
-0.71
-0.80
-0.84
-0.92
-0.94
-1.03
-1.11
-1.11
-1.21
-1.22
-1.25
-1.29
-1.35
-1.33
-1.44
-1.38
-1.48
-1.51
-1.53
-1.59
-1.56
-1.63
-1.69
-1.65
-1.72
-1.79
-1.74
-1.81
-1.78
-1.88
-1.81
-1.92
-1.91
-1.94
-1.95
-2.08
-2.15
-2.08
-2.32
-2.08
-2.53
-2.18
-2.62
-2.24
-2.68
-2.27
-2.71
-2.28
-2.74
-2.28
-2.74
-2.27
-2.72
-2.25
-2.72
-2.22
-2.69
-2.18
-2.66
-2.14
-2.62
-2.08
-2.58
-2.03
-2.53
-1.98
-2.48
-1.93
-2.44
-1.87
-2.39
-1.84
-2.33
-1.80
-2.15
-1.73
-2.04
-1.67
-1.95
-1.60
-1.84
-1.50
-1.78
-1.37
-1.77
-1.34
-1.47
-1.10
-1.43
-1.08
-1.36
-1.02
-1.21
-0.90
-1.07
-0.78
-0.87
-0.64
-0.72
-0.53
-0.52
-0.38
-0.34
-0.22
-0.17
-0.06
0.03
0.13
0.23
0.33
0.42
0.52
0.55
0.64
0.63
0.69
0.66
0.70
0.64
0.68
0.88
1.01
1.17
1.31
1.31
1.30
1.24
1.20
1.11
-0.01
0.03
0.08
0.11
0.11
0.10
0.08
0.04
-0.01
-0.06
-0.13
-0.20
-0.28
-0.35
-0.40
-0.46
-0.49
-0.54
-0.56
-0.60
-0.59
-0.63
-0.64
-0.66
-0.66
-0.65
-0.67
-0.64
-0.67
-0.63
-0.66
-0.61
-0.64
-0.59
-0.60
-0.59
-0.57
-0.58
-0.52
-0.53
-0.48
-0.49
-0.44
-0.44
-0.40
-0.38
-0.35
-0.33
-0.28
-0.26
-0.22
-0.20
-0.15
-0.13
-0.07
-0.03
0.02
0.08
0.11
0.19
0.22
0.32
0.32
0.45
0.43
0.58
0.54
0.71
0.64
0.84
0.74
0.97
0.84
1.08
0.92
1.20
1.01
1.30
1.08
1.41
1.15
1.51
1.22
1.60
1.28
1.69
1.33
1.78
1.42
1.77
1.44
1.76
1.48
1.80
1.47
1.82
1.45
1.91
1.52
1.78
1.39
1.83
1.43
1.88
1.46
1.78
1.36
1.73
1.34
1.61
1.24
1.53
1.17
1.34
1.02
1.25
0.93
1.02
0.78
0.92
0.65
0.61
0.46
0.39
0.22
0.08
-0.06
-0.19
-0.34
-0.45
-0.58
-0.62
-0.73
-0.72
-0.81
-0.76
-0.82
-1.11
-1.31
-1.56
-1.76
-1.76
-1.77
-1.70
-1.67
-1.54
-1.74
-2.20
0.08
0.07
0.08
0.06
0.03
-0.02
-0.08
-0.14
-0.22
-0.29
-0.38
-0.45
-0.56
-0.68
-0.79
-0.84
-0.95
-0.98
-1.08
-1.10
-1.21
-1.22
-1.33
-1.35
-1.38
-1.41
-1.51
-1.44
-1.57
-1.53
-1.65
-1.65
-1.67
-1.69
-1.74
-1.81
-1.75
-1.84
-1.79
-1.92
-1.86
-1.93
-1.90
-2.02
-1.97
-2.03
-2.00
-2.11
-2.17
-2.11
-2.30
-2.13
-2.52
-2.21
-2.62
-2.27
-2.70
-2.30
-2.73
-2.32
-2.76
-2.32
-2.77
-2.32
-2.76
-2.29
-2.75
-2.26
-2.72
-2.23
-2.69
-2.19
-2.65
-2.15
-2.61
-2.11
-2.56
-2.06
-2.52
-2.01
-2.48
-1.96
-2.42
-1.90
-2.38
-1.86
-2.08
-1.68
-2.02
-1.58
-1.94
-1.51
-1.84
-1.49
-1.70
-1.39
-1.60
-1.28
-1.52
-1.19
-1.40
-1.07
-1.23
-0.92
-1.13
-0.83
-0.95
-0.69
-0.80
-0.57
-0.65
-0.45
-0.48
-0.32
-0.27
-0.16
-0.08
0.02
0.12
0.21
0.30
0.39
0.44
0.52
0.52
0.59
0.56
0.61
0.60
0.66
0.83
0.95
1.10
1.12
1.11
1.07
1.03
1.09
1.27
1.29
1.34
0.02
0.04
0.09
0.14
0.14
0.15
0.12
0.08
0.04
-0.01
-0.08
-0.15
-0.22
-0.30
-0.36
-0.43
-0.46
-0.52
-0.54
-0.58
-0.58
-0.62
-0.61
-0.66
-0.66
-0.68
-0.68
-0.66
-0.69
-0.64
-0.68
-0.66
-0.64
-0.64
-0.63
-0.63
-0.59
-0.60
-0.55
-0.56
-0.53
-0.51
-0.51
-0.46
-0.46
-0.40
-0.39
-0.35
-0.33
-0.30
-0.26
-0.24
-0.18
-0.17
-0.10
-0.06
-0.01
0.05
0.10
0.18
0.21
0.31
0.32
0.45
0.43
0.59
0.55
0.72
0.66
0.86
0.76
0.98
0.86
1.11
0.96
1.22
1.05
1.34
1.14
1.46
1.23
1.56
1.30
1.67
1.38
1.77
1.45
1.87
1.51
1.83
1.52
1.84
1.53
1.85
1.52
1.90
1.52
1.96
1.57
1.79
1.41
1.86
1.45
