3.41
3.39
3.38
3.36
3.35
3.34
3.34
3.33
3.33
3.32
3.32
3.32
3.31
3.31
3.31
3.30
3.30
3.29
3.29
3.29
3.28
3.28
3.27
3.27
3.26
3.26
3.26
3.25
3.25
3.25
3.25
3.25
3.24
3.24
3.24
3.24
3.24
3.24
3.24
3.24
3.24
3.24
3.24
3.24
3.24
3.24
3.24
3.24
3.24
3.24
3.24
3.24
3.24
3.24
3.24
3.24
3.24
3.24
3.24
3.24
3.24
3.24
3.24
3.24
3.24
3.24
3.24
3.24
3.24
3.24
3.24
3.24
3.24
3.24
3.24
3.24
3.24
3.24
3.24
3.24
3.24
3.24
3.25
3.25
3.25
3.25
3.25
3.25
3.25
3.25
3.25
3.25
3.25
3.25
3.25
3.25
3.26
3.26
3.26
3.26
3.26
3.26
3.26
3.26
3.26
3.26
3.26
3.26
3.26
3.26
3.26
3.26
3.26
3.26
3.26
3.26
3.26
3.26
3.26
3.26
3.26
3.26
3.25
3.25
3.25
3.25
3.25
3.25
3.25
3.25
3.25
3.25
3.25
3.25
3.25
3.24
3.24
3.24
3.24
3.24
3.24
3.24
3.24
3.24
3.24
3.24
3.24
3.24
3.24
3.24
3.24
3.24
3.24
3.24
3.24
3.24
3.24
3.24
3.23
3.23
3.23
3.23
3.23
3.23
3.23
3.23
3.23
3.23
3.23
3.23
3.23
3.23
3.23
3.23
3.23
3.23
3.23
3.23
3.23
3.23
3.23
3.23
3.23
3.23
3.23
3.23
3.23
3.23
3.23
3.23
3.23
3.23
3.23
3.23
3.23
3.23
3.23
3.23
3.23
3.23
3.23
3.23
3.23
3.23
3.23
3.23
3.23
3.23
3.23
3.23
3.23
3.23
3.23
3.23
3.23
3.23
3.23
3.23
3.23
3.23
3.23
3.23
3.23
3.23
3.23
3.23
3.23
3.23
3.23
3.23
3.23
3.24
3.24
3.24
3.24
3.24
3.24
3.24
3.24
3.24
3.24
3.24
3.24
3.24
3.24
3.24
3.24
3.24
3.24
3.24
3.24
3.24
3.24
3.24
3.24
3.24
3.24
3.24
3.24
3.24
3.24
3.24
3.24
3.24
3.24
3.25
3.25
3.25
3.25
3.25
3.25
3.25
3.25
3.25
3.25
3.25
3.25
3.25
3.25
3.25
3.25
3.25
3.25
3.25
3.25
3.25
3.25
3.25
3.25
3.25
3.25
3.25
3.25
3.25
3.25
3.25
3.25
3.25
3.25
3.25
3.25
3.25
3.25
3.25
3.26
3.26
3.26
3.26
3.26
3.26
3.26
3.26
3.26
3.26
3.26
3.26
3.26
3.26
3.26
3.26
3.26
3.26
3.26
3.26
3.26
3.26
3.26
3.26
3.26
3.26
3.26
3.26
3.26
3.26
3.26
3.26
3.26
3.26
3.26
3.26
3.26
3.26
3.26
3.26
3.26
3.26
3.26
3.26
3.26
3.26
3.26
3.26
3.26
3.26
3.26
3.26
3.26
3.26
3.26
3.26
3.26
3.26
3.26
3.26
3.26
3.25
3.25
3.25
3.25
3.25
3.25
3.25
3.25
3.25
3.25
3.25
3.25
3.25
3.25
3.25
3.25
3.25
3.25
3.25
3.24
3.24
3.24
3.24
3.24
3.24
3.24
3.24
3.24
3.24
3.24
3.23
3.23
3.23
3.23
3.23
3.23
3.23
3.23
3.23
3.22
3.22
3.22
3.22
3.22
3.22
3.22
3.21
3.21
3.21
3.21
3.21
3.20
3.20
3.20
3.20
3.19
3.19
3.19
3.19
3.18
3.18
3.18
3.18
3.17
3.17
3.17
3.16
3.16
3.16
3.15
3.15
3.14
3.14
3.13
3.13
3.12
3.12
3.11
3.10
3.09
3.09
3.08
3.06
3.05
3.04
3.03
3.01
3.00
2.98
2.97
2.95
2.93
2.91
2.89
2.87
2.84
2.82
4.98
4.80
4.63
4.48
4.35
4.22
4.09
3.97
3.86
3.76
3.66
3.56
3.48
3.40
3.32
3.25
3.19
3.13
3.08
3.03
2.99
2.96
2.93
2.91
2.89
2.88
2.87
2.86
2.85
2.85
2.84
2.84
2.84
2.84
2.84
2.84
2.84
2.84
2.84
2.84
2.84
2.84
2.84
2.84
2.84
2.84
2.85
2.85
2.85
2.85
2.85
2.85
2.85
2.86
2.86
2.86
2.86
2.87
2.87
2.87
2.87
2.88
2.88
2.88
2.89
2.89
2.89
2.89
2.90
2.90
2.90
2.91
2.91
2.91
2.92
2.92
2.93
2.93
2.93
2.94
2.94
2.94
2.95
2.95
2.95
2.96
2.96
2.96
2.97
2.97
2.97
2.98
2.98
2.99
2.99
3.00
3.01
3.01
3.02
3.03
3.05
3.06
3.07
3.09
3.10
3.12
3.14
3.16
3.18
3.21
3.24
3.27
3.30
3.33
3.37
3.41
3.46
3.51
3.56
3.62
2.80
2.87
2.93
2.97
3.01
3.05
3.08
3.11
3.13
3.15
3.16
3.18
3.19
3.20
3.21
3.22
3.22
3.23
3.24
3.24
3.25
3.25
3.26
3.26
3.26
3.26
3.26
3.26
3.25
3.25
3.25
3.24
3.24
3.23
3.23
3.23
3.23
3.23
3.24
3.24
3.24
3.24
3.24
3.24
3.24
3.25
3.25
3.24
3.24
3.24
3.24
3.24
3.24
3.24
3.24
3.24
3.24
3.24
3.24
3.24
3.24
3.24
3.24
3.24
3.23
3.23
3.23
3.23
3.23
3.23
3.23
3.23
3.23
3.23
3.23
3.23
3.23
3.23
3.23
3.23
3.23
3.23
3.23
3.23
3.23
3.23
3.23
3.23
3.23
3.23
3.23
3.23
3.23
3.23
3.23
3.23
3.23
3.23
3.23
3.23
3.23
3.23
3.23
3.23
3.23
3.23
3.23
3.23
3.23
3.23
3.23
3.23
3.23
3.23
3.23
3.23
3.23
3.23
3.23
3.24
3.24
3.24
3.24
3.24
3.24
3.24
3.24
3.24
3.24
3.24
3.24
3.24
3.24
3.24
3.24
3.24
3.24
3.25
3.25
3.25
3.25
3.25
3.25
3.25
3.25
3.25
3.25
3.25
3.25
3.25
3.25
3.25
3.25
3.26
3.26
3.26
3.26
3.26
3.26
3.26
3.26
3.26
3.26
3.26
3.26
3.26
3.26
3.26
3.26
3.26
3.26
3.26
3.26
3.26
3.26
3.26
3.26
3.26
3.26
3.26
3.26
3.26
3.26
3.26
3.25
3.25
3.25
3.25
3.25
3.25
3.25
3.25
3.25
3.25
3.25
3.25
3.25
3.25
3.25
3.25
3.25
3.24
3.24
3.24
3.24
3.24
3.24
3.24
3.24
3.24
3.24
3.24
3.24
3.24
3.24
3.24
3.24
3.23
3.23
3.23
3.23
3.23
3.23
3.23
3.23
3.23
3.23
3.23
3.23
3.23
3.23
3.23
3.23
3.23
3.23
3.23
3.22
3.22
3.22
3.22
3.22
3.22
3.22
3.22
3.22
3.22
3.22
3.22
3.22
3.22
3.22
3.22
3.22
3.22
3.22
3.21
3.21
3.21
3.21
3.21
3.21
3.21
3.20
3.20
3.20
3.20
3.19
3.19
3.18
3.18
3.17
3.17
3.16
3.16
3.15
3.14
3.13
3.12
3.11
3.10
3.09
3.07
3.06
3.04
3.03
3.01
2.99
2.97
2.95
2.92
2.90
2.87
2.85
2.82
9.62
9.35
9.10
8.89
8.71
8.55
8.42
8.32
8.24
8.18
8.12
8.07
8.03
7.99
7.96
7.93
7.91
7.90
7.89
7.88
7.87
7.87
7.88
7.88
7.89
7.90
7.92
7.93
7.95
7.96
