3.19
3.18
3.17
3.16
3.16
3.15
3.14
3.14
3.13
3.13
3.13
3.12
3.12
3.11
3.11
3.11
3.10
3.10
3.10
3.09
3.09
3.09
3.08
3.08
3.07
3.07
3.06
3.06
3.05
3.04
3.04
3.03
3.02
3.02
3.01
3.00
3.00
2.99
2.98
2.97
2.96
2.95
2.94
2.93
2.92
2.91
2.89
2.88
2.87
2.86
2.85
2.84
2.83
2.82
2.81
2.80
2.79
2.78
2.78
2.77
2.76
2.76
2.75
2.75
2.75
2.74
2.74
2.74
2.73
2.73
2.72
2.72
2.72
2.71
2.71
2.71
2.70
2.70
2.69
2.69
2.69
2.68
2.68
2.68
2.67
2.67
2.67
2.66
2.66
2.66
2.65
2.65
2.65
2.64
2.64
2.63
2.63
2.63
2.62
2.62
2.62
2.61
2.61
2.60
2.60
2.59
2.59
2.58
2.58
2.57
2.57
2.56
2.56
2.55
2.54
2.54
2.53
2.53
2.52
2.52
2.51
2.51
2.50
2.50
2.49
2.49
2.49
2.48
2.48
2.48
2.47
2.47
2.47
2.46
2.46
2.46
2.45
2.45
2.44
2.44
2.44
2.43
2.43
2.42
2.42
2.42
2.41
2.41
2.41
2.40
2.40
2.39
2.39
2.39
2.38
2.38
2.37
2.37
2.37
2.36
2.36
2.36
2.35
2.35
2.35
2.35
2.34
2.34
2.34
2.34
2.33
2.33
2.33
2.33
2.32
2.32
2.32
2.32
2.32
2.32
2.32
2.32
2.32
2.32
2.32
2.32
2.32
2.32
2.32
2.32
2.32
2.32
2.32
2.32
2.32
2.32
2.32
2.33
2.33
2.33
2.34
2.34
2.34
2.34
2.34
2.35
2.35
2.36
2.36
2.37
2.37
2.38
2.38
2.39
2.39
2.40
2.40
2.40
2.39
2.39
2.39
2.38
2.38
2.38
2.37
2.37
2.36
2.36
2.36
2.35
2.35
2.35
2.35
2.34
2.34
2.34
2.34
2.34
2.34
2.34
2.33
2.33
2.33
2.33
2.33
2.33
2.34
2.34
2.34
2.34
2.34
2.34
2.35
2.35
2.35
2.35
2.36
2.36
2.36
2.37
2.37
2.37
2.38
2.38
2.38
2.39
2.39
2.39
2.40
2.40
2.41
2.41
2.42
2.42
2.42
2.43
2.43
2.43
2.44
2.44
2.45
2.45
2.45
2.46
2.46
2.47
2.47
2.47
2.48
2.48
2.48
2.49
2.49
2.49
2.50
2.50
2.50
2.51
2.51
2.51
2.51
2.52
2.52
2.52
2.52
2.52
2.53
2.53
2.53
2.53
2.54
2.54
2.54
2.54
2.55
2.55
2.55
2.55
2.56
2.56
2.56
2.56
2.57
2.57
2.57
2.57
2.58
2.58
2.58
2.58
2.59
2.59
2.59
2.59
2.60
2.60
2.60
2.60
2.61
2.61
2.61
2.62
2.62
2.63
2.63
2.63
2.64
2.64
2.65
2.65
2.65
2.66
2.66
2.66
2.67
2.67
2.67
2.68
2.68
2.69
2.69
2.70
2.70
2.71
2.71
2.72
2.73
2.73
2.74
2.74
2.75
2.76
2.76
2.77
2.78
2.79
2.79
2.80
2.81
2.82
2.83
2.83
2.84
2.85
2.86
2.87
2.88
2.88
2.89
2.90
2.91
2.92
2.92
2.93
2.94
2.94
2.95
2.95
2.96
2.96
2.97
2.97
2.97
2.98
2.98
2.98
2.99
2.99
3.00
3.00
3.00
2.99
2.99
2.99
2.99
2.99
2.98
2.98
2.98
2.97
2.97
2.97
2.96
2.96
2.95
2.95
2.94
2.94
2.93
2.93
2.92
2.92
2.91
2.91
2.90
2.90
2.89
2.89
2.88
2.88
2.87
2.87
2.86
2.86
2.85
2.84
2.84
2.83
2.83
2.82
2.82
2.81
2.80
2.80
2.79
2.78
2.78
2.77
2.76
2.76
2.75
2.74
2.74
2.73
2.72
2.72
2.71
2.71
2.70
2.69
2.69
2.68
2.67
2.67
2.66
2.66
2.65
2.64
2.64
2.63
2.62
2.61
2.61
2.60
2.59
2.59
2.58
2.57
2.56
2.56
2.55
2.54
2.54
2.53
2.52
2.51
2.51
2.50
2.49
2.49
2.48
2.47
2.46
2.46
2.45
2.44
2.44
2.43
2.42
2.42
2.41
2.41
2.40
2.39
2.39
2.38
2.38
2.37
2.36
2.36
2.35
2.35
2.34
2.34
2.34
2.33
2.33
2.32
2.32
2.32
2.31
2.31
2.30
2.30
2.30
2.29
2.29
2.29
2.28
2.28
2.28
2.28
2.28
2.28
2.28
2.28
2.28
2.29
2.29
2.29
2.29
2.30
2.30
2.31
2.31
2.32
2.32
2.33
2.34
2.34
2.35
2.35
2.36
2.36
2.37
2.37
2.37
2.37
2.38
2.38
2.38
2.38
2.38
2.37
2.37
2.37
2.36
2.36
2.36
2.36
2.35
2.35
2.35
2.35
2.35
2.35
2.34
2.34
2.34
2.34
2.34
2.34
2.34
2.33
2.33
2.33
2.33
2.33
2.33
2.33
2.33
2.33
2.33
2.33
2.33
2.33
2.33
2.33
2.33
2.33
2.33
2.33
2.33
2.34
2.34
2.34
2.34
2.35
2.35
2.35
2.36
2.36
2.36
2.37
2.37
2.37
2.38
2.38
2.39
2.39
2.40
2.40
2.41
2.41
2.42
2.42
2.43
2.43
2.44
2.44
2.44
2.45
2.45
2.46
2.46
2.47
2.47
2.47
2.48
2.48
2.49
2.49
2.49
2.50
2.50
2.51
2.51
2.51
2.52
2.52
2.52
2.53
2.53
2.53
2.54
2.54
2.54
2.55
2.55
2.56
2.56
2.56
2.57
2.57
2.57
2.58
2.58
2.58
2.59
2.59
2.59
2.60
2.60
2.60
2.61
2.61
2.61
2.62
2.62
2.63
2.63
2.63
2.64
2.64
2.65
2.65
2.66
2.66
2.67
2.67
2.68
2.68
2.69
2.69
2.70
2.71
2.71
2.72
2.73
2.73
2.74
2.75
2.76
2.76
2.77
2.78
2.79
2.79
2.80
2.81
2.82
2.82
2.83
2.84
2.85
2.85
2.86
2.87
2.88
2.88
2.89
2.90
2.91
2.91
2.92
2.93
2.93
2.94
2.94
2.95
2.96
2.96
2.96
2.97
2.97
2.97
2.97
2.98
2.98
2.99
2.99
3.00
3.00
3.00
3.00
3.00
3.00
3.00
3.00
3.00
2.99
2.99
2.99
2.99
2.98
2.98
2.98
2.97
2.97
2.96
2.96
2.96
2.95
2.95
2.94
2.94
2.94
2.93
2.93
2.92
2.92
2.91
2.91
2.90
2.90
2.89
2.88
2.88
2.87
2.87
2.86
2.86
2.85
2.85
2.84
2.83
2.83
2.82
2.81
2.81
2.80
2.79
2.79
2.78
2.77
2.77
2.76
2.75
2.75
2.74
2.73
2.73
2.72
2.71
2.71
2.70
2.69
2.69
2.68
2.67
2.67
2.66
2.65
2.65
2.64
2.63
2.62
2.62
2.61
2.60
2.59
2.59
2.58
2.57
2.56
2.56
2.55
2.54
2.53
2.53
2.52
2.51
2.50
2.50
2.49
2.48
2.47
2.47
2.46
2.45
2.45
2.44
2.43
2.43
2.42
2.41
2.41
2.40
2.39
2.39
2.38
2.37
2.37
2.36
2.36
2.35
2.35
2.34
2.34
2.33
2.33
2.32
2.32
2.31
2.31
2.30
2.30
2.30
2.29
2.29
2.29
2.28
2.28
2.28
2.28
2.28
2.28
2.28
2.28
2.28
2.28
2.28
2.29
2.29
2.29
2.30
2.30
2.31
2.31
2.32
2.32
2.33
2.34
2.34
2.35
2.35
2.36
2.36
2.37
2.37
2.38
2.38
2.38
2.38
2.38
2.38
2.37
2.37
2.37
2.37
2.36
2.36
2.36
2.36
2.36
2.35
2.35
2.35
2.35
2.35
2.35
2.34
2.34
2.34
2.34
2.34
2.34
2.33
2.33
2.33
2.33
2.33
2.33
2.33
2.33
2.33
2.33
2.33
2.33
2.33
2.33
2.33
2.33
2.33
2.33
2.34
2.34
2.34
2.34
2.35
2.35
2.35
2.36
2.36
2.36
2.37
2.37
2.38
2.38
2.39
2.39
2.40
2.40
2.41
2.41
2.42
2.42
2.43
2.43
2.43
2.44
2.44
2.45
2.45
2.46
2.46
2.47
2.47
2.47
2.48
2.48
2.49
2.49
2.50
2.50
2.50
2.51
2.51
2.52
2.52
2.53
2.53
2.53
2.54
2.54
2.55
2.55
2.55
2.56
2.56
2.56
2.57
2.57
2.58
2.58
2.58
2.59
2.59
2.60
2.60
2.60
2.61
2.61
2.62
2.62
2.62
2.63
2.63
2.64
2.64
2.65
2.65
2.66
2.66
2.67
2.68
2.68
2.69
2.70
2.70
2.71
2.72
2.72
2.73
2.74
2.74
2.75
2.76
2.77
2.77
2.78
2.79
2.80
2.81
2.82
2.83
2.84
2.84
2.85
2.86
2.87
2.88
2.89
2.90
2.91
2.92
2.93
2.94
2.94
2.95
2.96
2.96
2.97
2.97
2.97
2.98
2.98
2.98
2.99
2.99
2.99
2.99
3.00
3.00
3.00
3.01
3.01
3.01
3.01
3.01
3.01
3.01
3.01
3.01
3.01
3.00
3.00
3.00
2.99
2.99
2.99
2.98
2.98
2.98
2.97
2.97
2.96
2.96
2.95
2.95
2.94
2.94
2.93
2.93
2.92
2.92
2.91
2.91
2.90
2.90
2.89
2.89
2.88
2.88
2.87
2.86
2.86
2.85
2.85
2.84
2.83
2.83
2.82
2.81
2.81
2.80
2.79
2.79
2.78
2.77
2.77
2.76
2.75
2.75
2.74
2.73
2.73
2.72
2.71
2.71
2.70
2.69
2.69
2.68
2.67
2.67
2.66
2.65
2.64
2.64
2.63
2.62
2.61
2.61
2.60
2.59
2.58
2.58
2.57
2.56
2.55
2.54
2.54
2.53
2.52
2.51
2.51
2.50
2.49
2.48
2.48
2.47
2.46
2.46
2.45
2.44
2.43
2.43
2.42
2.41
2.41
2.40
2.40
2.39
2.38
2.38
2.37
2.36
2.36
2.35
2.35
2.34
2.34
2.33
2.33
2.32
2.32
2.31
2.31
2.30
2.30
2.29
2.29
2.29
2.28
2.28
2.28
2.28
2.28
2.28
2.28
2.28
2.28
2.28
2.28
2.28
2.28
2.29
2.29
2.29
2.30
2.30
2.30
2.31
2.31
2.32
2.33
2.33
2.34
2.34
2.34
2.35
2.35
2.36
2.36
2.36
2.36
2.37
2.37
2.37
2.38
2.38
2.37
2.37
2.37
2.37
2.37
2.36
2.36
2.36
2.35
2.35
2.35
2.34
2.34
2.34
2.34
2.33
2.33
2.33
2.33
2.33
2.33
2.33
2.33
2.33
2.33
2.33
2.33
2.33
2.33
2.33
2.33
2.33
2.34
2.34
2.34
2.34
2.34
2.35
2.35
2.35
2.36
2.36
2.36
2.37
2.37
2.38
2.38
2.39
2.39
2.40
2.40
2.40
2.41
2.41
2.42
2.42
2.43
2.43
2.44
2.44
2.45
2.45
2.45
2.46
2.46
2.47
2.47
2.47
2.48
2.48
2.48
2.49
2.49
2.50
2.50
2.50
2.51
2.51
2.51
2.52
2.52
2.52
2.53
2.53
2.53
2.54
2.54
2.54
2.55
2.55
2.55
2.56
2.56
2.56
2.57
2.57
2.57
2.58
2.58
2.58
2.58
2.59
2.59
2.59
2.60
2.60
2.60
2.61
2.61
2.61
2.62
2.62
2.63
2.63
2.64
2.64
2.64
2.65
2.65
2.66
2.66
2.67
2.67
2.68
2.68
2.69
2.69
2.70
2.71
2.71
2.72
2.72
2.73
2.74
2.75
2.76
2.77
2.77
2.78
2.79
2.80
2.81
2.82
2.83
2.84
2.85
2.86
2.87
2.88
2.90
2.91
2.92
2.92
2.93
2.94
2.95
2.96
2.96
2.97
2.97
2.98
2.98
2.99
2.99
2.99
3.00
3.00
3.00
3.00
3.00
3.00
3.00
3.00
3.00
3.00
3.00
3.00
3.00
3.00
3.00
2.99
2.99
2.99
2.99
2.99
2.98
2.98
2.98
2.97
2.97
2.96
2.96
2.95
2.95
2.94
2.94
2.93
2.93
2.92
2.92
2.91
2.90
2.90
2.89
2.89
2.88
2.88
2.87
2.86
2.86
2.85
2.85
2.84
2.83
2.83
2.82
2.81
2.81
2.80
2.79
2.79
2.78
2.77
2.77
2.76
2.75
2.75
2.74
2.73
2.72
2.72
2.71
2.70
2.70
2.69
2.68
2.68
2.67
2.66
2.66
2.65
2.64
2.64
2.63
2.62
2.61
2.61
2.60
2.59
2.58
2.57
2.57
2.56
2.55
2.54
2.54
2.53
2.52
2.51
2.50
2.50
2.49
2.48
2.47
2.47
2.46
2.45
2.44
2.44
2.43
2.42
2.42
2.41
2.40
2.40
2.39
2.38
2.38
2.37
2.37
2.36
2.35
2.35
2.34
2.34
2.33
2.33
2.32
2.32
2.32
2.31
2.31
2.31
2.30
2.30
2.29
2.29
2.29
2.29
2.28
2.28
2.28
2.28
2.28
2.28
2.28
2.28
2.28
2.28
2.28
2.29
2.29
2.30
2.30
2.30
2.31
2.31
2.32
2.33
2.33
2.34
2.34
2.35
2.35
2.36
2.36
2.36
2.36
2.37
2.37
2.37
2.37
2.37
2.37
2.37
2.37
2.37
2.37
2.37
2.37
2.37
2.37
2.37
2.37
2.36
2.36
2.36
2.36
2.36
2.36
2.36
2.36
2.37
2.37
2.37
2.37
2.38
2.38
2.38
2.39
2.39
2.39
2.40
2.40
2.40
2.41
2.41
2.41
2.41
2.42
2.42
2.42
2.43
2.43
2.43
2.44
2.44
2.44
2.44
2.45
2.45
2.45
2.45
2.46
2.46
2.46
2.47
2.47
2.47
2.47
2.48
2.48
2.48
2.48
2.49
2.49
2.49
2.49
2.50
2.50
2.50
2.51
2.51
2.51
2.51
2.52
2.52
2.53
2.53
2.53
2.54
2.54
2.55
2.55
2.56
2.56
2.57
2.57
2.58
2.58
2.59
2.60
2.60
2.61
2.62
2.63
2.64
2.65
2.67
2.69
2.70
2.73
2.75
2.78
2.81
2.84
2.86
2.89
2.92
2.95
2.98
3.00
3.02
3.03
3.05
3.06
3.07
3.09
3.10
3.11
3.11
3.12
3.13
3.14
3.14
3.15
3.15
3.15
3.16
3.16
3.16
3.16
3.16
3.16
3.16
3.16
3.16
3.16
3.16
3.16
3.15
3.15
3.15
3.14
3.14
3.13
3.12
3.12
3.11
3.10
3.09
3.08
3.07
3.06
3.05
3.04
3.03
3.02
3.01
3.00
2.99
2.98
2.96
2.95
2.94
2.92
2.91
2.90
2.88
2.87
2.86
2.84
2.83
2.81
2.79
2.78
2.76
2.75
2.73
2.72
2.70
2.69
2.67
2.65
2.64
2.62
2.60
2.59
2.57
2.55
2.54
2.53
2.51
2.50
2.49
2.48
2.48
2.47
2.47
2.47
2.48
2.48
2.49
2.50
2.51
2.52
2.53
2.54
2.54
2.55
2.55
2.56
2.56
2.56
2.56
2.56
2.57
2.57
2.58
2.58
2.58
2.58
2.58
2.58
2.58
2.58
2.58
2.58
2.59
2.59
2.59
2.60
2.60
2.61
2.61
2.62
2.62
2.63
2.63
2.64
2.64
2.64
2.65
2.65
2.66
2.66
2.67
2.67
2.68
2.68
2.69
2.70
2.71
2.72
2.74
2.76
2.79
2.81
2.84
2.87
2.89
2.92
2.94
2.96
2.97
2.99
3.01
3.02
3.03
3.03
3.04
3.04
3.04
3.04
3.03
3.03
3.03
3.02
3.02
3.02
3.01
3.01
3.01
3.00
3.00
2.99
2.99
2.98
2.98
2.97
2.97
2.97
2.96
2.96
2.96
2.95
2.95
2.95
2.95
2.95
2.95
2.95
2.95
2.95
2.96
2.96
2.97
2.97
2.98
2.98
2.99
3.00
3.01
3.02
3.03
3.05
3.06
3.08
3.09
3.11
3.13
3.15
3.17
3.18
3.19
3.20
3.21
3.22
3.22
3.22
3.23
3.23
3.23
3.23
3.23
3.22
3.22
3.22
3.22
3.21
3.21
3.21
3.20
3.20
3.19
3.19
3.19
3.18
3.18
3.17
3.17
3.16
3.16
3.15
3.15
3.14
3.13
3.13
3.12
3.12
3.11
3.10
3.10
3.09
3.08
3.07
3.07
3.06
3.05
3.04
3.04
3.03
3.02
3.01
3.00
2.99
2.98
2.97
2.96
2.95
2.94
2.93
2.92
2.92
2.91
2.90
2.90
2.89
2.89
2.88
2.88
2.87
2.87
2.87
2.87
2.86
2.86
2.85
2.85
2.85
2.84
2.83
2.83
2.82
2.82
2.81
2.80
2.80
2.79
2.78
2.78
2.77
2.76
2.75
2.74
2.74
2.73
2.72
2.71
2.70
2.69
2.68
2.67
2.66
2.65
2.64
2.63
2.61
2.59
2.58
2.56
2.55
2.53
2.52
2.50
2.49
2.48
2.47
2.45
2.44
2.43
2.41
2.40
2.38
2.36
2.35
2.33
2.31
2.29
2.27
2.25
2.22
2.20
2.17
2.14
2.11
2.08
2.05
2.02
1.99
1.95
1.91
1.88
1.85
1.83
1.81
1.79
1.77
1.76
1.74
1.73
1.72
1.70
1.69
1.68
1.66
1.65
1.64
1.62
1.60
1.59
1.57
1.55
1.54
1.53
1.52
1.51
1.51
1.50
1.50
1.50
1.50
1.50
1.50
1.50
1.51
1.52
1.53
1.54
1.55
1.56
1.57
1.58
1.59
1.59
1.59
1.60
1.60
1.61
1.61
1.61
1.61
1.62
1.62
1.62
1.63
1.63
1.64
1.64
1.65
1.66
1.67
1.67
1.68
1.69
1.69
1.69
1.70
1.69
1.69
1.68
1.68
1.67
1.67
1.66
1.65
1.65
1.65
1.66
1.66
1.67
1.68
1.70
1.71
1.73
1.75
1.77
1.78
1.80
1.82
1.83
1.85
1.86
1.88
1.89
1.90
1.91
1.92
1.92
1.93
1.93
1.94
1.94
1.95
1.95
1.96
1.96
1.97
1.97
1.98
1.99
2.00
2.01
2.02
2.03
2.04
2.05
2.06
2.07
2.08
2.09
2.10
2.11
2.12
2.12
2.13
2.14
2.15
2.15
2.16
2.17
2.18
2.19
2.20
2.21
2.23
2.25
2.27
2.29
2.31
2.34
2.37
2.40
2.44
2.48
2.52
2.57
2.62
2.67
2.72
2.78
2.83
2.89
2.95
3.01
3.06
3.12
3.18
3.24
3.29
3.34
3.39
3.43
3.47
3.50
3.53
3.56
3.58
3.60
3.61
3.63
3.65
3.66
3.67
3.68
3.69
3.70
3.71
3.72
3.72
3.73
3.73
3.73
3.74
3.74
3.74
3.74
3.73
3.73
3.73
3.73
3.72
3.72
3.71
3.71
3.70
3.69
3.69
3.68
3.67
3.67
3.66
3.66
3.66
3.65
3.65
3.65
3.65
3.65
3.65
3.64
3.64
3.63
3.61
3.60
3.58
3.56
3.54
3.51
3.48
3.45
3.42
3.38
3.35
3.31
3.27
3.23
3.19
3.15
3.11
3.07
3.03
2.99
2.95
2.91
2.87
2.83
2.79
2.76
2.73
2.69
2.66
2.63
2.61
2.58
2.56
2.55
2.54
2.53
2.53
2.53
2.53
2.54
2.56
2.57
2.59
2.61
2.63
2.66
2.69
2.72
2.77
2.81
2.86
2.92
2.98
3.05
3.11
3.19
3.26
3.34
3.41
3.48
3.54
3.58
3.62
3.65
3.68
3.71
3.73
3.74
3.76
3.77
3.77
3.77
3.77
3.76
3.75
3.73
3.71
3.69
3.66
3.63
3.59
3.56
3.52
3.48
3.43
3.39
3.34
3.29
3.24
3.19
3.14
3.10
3.06
3.02
2.98
2.94
2.91
2.88
2.85
2.82
2.79
2.76
2.73
2.71
2.68
2.66
2.64
2.62
2.61
2.59
2.58
2.57
2.55
2.54
2.53
2.52
2.51
2.50
2.49
2.49
2.48
2.47
2.46
2.45
2.44
2.43
2.42
2.42
2.41
2.40
2.40
2.39
2.38
2.38
2.38
2.37
2.37
2.37
2.38
2.38
2.39
2.39
2.39
2.39
2.40
2.40
2.39
2.39
2.39
2.39
2.39
2.38
2.38
2.38
2.38
2.39
2.39
2.39
2.39
2.40
2.40
2.41
2.41
2.41
2.41
2.41
2.40
2.39
2.39
2.38
2.37
2.36
2.35
2.34
2.34
2.34
2.34
2.34
2.35
2.36
2.37
2.38
2.40
2.42
2.44
2.47
2.49
2.50
2.51
2.50
2.49
2.48
2.45
2.42
2.39
2.36
2.32
2.28
2.23
2.19
2.14
2.09
2.04
1.99
1.94
1.89
1.84
1.79
1.73
1.68
1.63
1.57
1.52
1.48
1.44
1.41
1.39
1.37
1.36
1.35
1.35
1.35
1.35
1.35
1.35
1.36
1.36
1.37
1.38
1.38
1.39
1.40
1.41
1.42
1.43
1.44
1.45
1.46
1.47
1.48
1.49
1.50
1.51
1.52
1.54
1.55
1.56
1.57
1.59
1.60
1.62
1.63
1.64
1.66
1.67
1.69
1.70
1.72
1.73
1.75
1.77
1.78
1.80
1.82
1.83
1.85
1.86
1.88
1.89
1.91
1.92
1.93
1.94
1.95
1.96
1.97
1.97
1.98
1.98
1.99
2.00
2.01
2.02
2.03
2.04
2.05
2.06
2.07
2.07
2.08
2.09
2.09
2.10
2.11
2.11
2.12
2.13
2.14
2.16
2.17
2.18
2.20
2.21
2.23
2.24
2.25
2.26
2.27
2.28
2.29
2.30
2.30
2.31
2.31
2.31
2.32
2.32
2.32
2.32
2.32
2.32
2.32
2.32
2.32
2.32
2.32
2.32
2.32
2.32
2.32
2.31
2.31
2.31
2.31
2.31
2.31
2.31
2.31
2.31
2.31
2.31
2.31
2.30
2.30
2.30
2.30
2.30
2.30
2.30
2.31
2.31
2.31
2.31
2.31
2.31
2.31
2.31
2.31
2.31
2.31
2.31
2.31
2.31
2.31
2.31
2.31
2.31
2.31
2.32
2.32
2.32
2.32
2.32
2.32
2.32
2.32
2.32
2.32
2.32
2.33
2.33
2.33
2.33
2.33
2.33
2.33
2.33
2.33
2.34
2.34
2.34
2.34
2.34
2.34
2.34
2.34
2.34
2.35
2.35
2.35
2.35
2.35
2.35
2.35
2.35
2.36
2.36
2.36
2.36
2.36
2.36
2.36
2.36
2.37
2.37
2.37
2.37
2.37
2.37
2.37
2.37
2.38
2.38
2.38
2.38
2.38
2.38
2.38
2.38
2.38
2.38
2.38
2.38
2.37
2.37
2.37
2.37
2.36
2.36
2.35
2.35
2.35
2.34
2.34
2.33
2.33
2.32
2.32
2.31
2.30
2.30
2.29
2.28
2.28
2.27
2.26
2.25
2.25
2.24
2.23
2.22
2.21
2.21
2.20
2.19
2.18
2.17
2.16
2.15
2.14
2.13
2.12
2.11
2.10
2.08
2.07
2.06
2.05
2.04
2.02
2.01
2.00
1.99
1.97
1.96
1.95
1.93
1.92
1.90
1.89
1.87
1.85
1.83
1.82
1.80
1.78
1.76
1.74
1.73
1.71
1.69
1.68
1.66
1.64
1.62
1.60
1.58
1.57
1.55
1.53
1.52
1.51
1.50
1.50
1.49
1.49
1.49
1.48
1.48
1.48
1.48
1.48
1.48
1.48
1.48
1.49
1.49
1.49
1.49
1.49
1.50
1.50
1.50
1.50
1.50
1.51
1.51
1.51
1.51
1.52
1.52
1.52
1.52
1.52
1.53
1.53
1.53
1.53
1.53
1.53
1.53
1.54
1.54
1.54
1.54
1.54
1.54
1.54
1.54
1.54
1.54
1.54
1.54
1.54
1.54
1.54
1.54
1.54
1.54
1.55
1.55
1.55
1.55
1.55
1.55
1.55
1.55
1.55
1.55
1.55
1.56
1.56
1.56
1.56
1.56
1.56
1.56
1.56
1.56
1.56
1.56
1.56
1.56
1.56
1.56
1.56
1.56
1.56
1.56
1.56
1.56
1.56
1.56
1.56
1.56
1.56
1.56
1.56
1.56
1.56
1.56
1.56
1.56
1.56
1.56
1.56
1.56
1.56
1.56
1.56
1.56
1.56
1.56
1.56
1.56
1.56
1.56
1.56
1.56
1.56
1.56
1.56
1.56
1.56
1.56
1.56
1.56
1.56
1.56
1.56
1.56
1.56
1.56
1.56
1.56
1.56
1.56
1.56
1.56
1.56
1.56
1.56
1.56
1.56
1.56
1.56
1.56
1.56
1.56
1.56
1.56
1.56
1.56
1.56
1.56
1.56
1.56
1.56
1.56
1.56
1.56
1.56
1.56
1.56
1.56
1.56
1.56
1.56
1.56
1.56
1.56
1.56
1.56
1.56
1.56
1.56
1.56
1.56
1.56
1.56
1.56
1.56
1.56
1.56
1.56
1.56
1.56
1.56
1.56
1.56
1.56
1.56
1.56
1.56
1.56
1.56
1.56
1.56
1.56
1.56
1.56
1.56
1.56
1.56
1.56
1.56
1.56
1.56
1.56
1.56
1.56
1.56
1.56
1.56
1.56
1.56
1.56
1.56
1.56
1.56
1.56
1.56
1.56
1.56
1.56
1.56
1.56
1.56
1.56
1.56
1.56
1.56
1.56
1.56
1.56
1.56
1.56
1.56
1.56
1.56
1.56
1.56
1.56
1.56
1.56
1.56
1.56
1.56
1.56
1.56
1.56
1.56
1.56
1.56
1.56
1.56
1.56
1.56
1.56
1.56
1.56
1.56
1.56
1.56
1.56
1.56
1.56
1.56
1.56
1.56
1.56
1.56
1.56
1.56
1.56
1.56
1.56
1.56
1.56
1.56
1.56
1.56
1.56
1.56
1.56
1.56
1.56
1.56
1.56
1.56
1.56
1.56
1.56
1.56
1.56
1.56
1.56
1.56
1.56
1.56
1.56
1.56
1.56
1.56
1.56
1.56
1.56
1.56
1.56
1.56
1.56
1.56
1.56
1.56
1.56
1.56
1.56
1.56
1.56
1.56
1.56
1.56
1.56
1.56
1.56
1.56
1.56
1.56
1.56
1.56
1.56
1.56
1.56
1.56
1.56
1.56
1.56
1.56
1.56
1.56
1.56
1.56
1.56
1.56
1.56
1.56
1.56
1.56
1.56
1.56
1.56
1.56
1.56
1.56
1.56
1.56
1.56
1.56
1.56
1.56
1.56
1.56
1.56
1.56
1.56
1.56
1.56
1.56
1.56
1.56
1.56
1.56
1.56
1.56
1.56
1.56
1.56
1.56
1.56
1.56
1.56
1.56
1.56
1.56
1.56
1.56
1.56
1.56
1.56
1.56
1.56
1.56
1.56
1.56
1.56
1.56
1.56
1.56
1.56
1.56
1.56
1.56
1.56
1.56
1.56
1.56
1.56
1.56
1.56
1.56
1.56
1.56
1.56
1.56
1.56
1.56
1.56
1.56
1.56
1.56
1.56
1.56
1.56
1.56
1.56
1.56
1.56
1.56
1.56
1.56
1.56
1.56
1.56
1.56
1.56
1.56
1.56
1.56
1.56
1.56
1.56
1.56
1.56
1.56
1.56
1.56
1.56
1.56
1.56
1.56
1.56
1.56
1.56
1.56
1.56
1.56
1.56
1.56
1.56
1.56
1.56
1.56
1.56
1.56
1.56
1.56
1.56
1.56
1.56
1.56
1.56
1.56
1.56
1.56
1.56
1.56
1.56
1.56
1.56
1.56
1.56
1.56
1.56
1.56
1.57
1.57
1.57
1.57
1.57
1.57
1.57
1.57
1.57
1.57
1.57
1.57
1.57
1.57
1.57
1.57
1.57
1.57
1.57
1.57
1.57
1.57
1.57
1.57
1.57
1.57
1.57
1.57
1.57
1.57
1.57
1.57
1.57
1.57
1.57
1.57
1.57
1.57
1.57
1.57
1.57
1.57
1.57
1.57
1.57
1.57
1.57
1.57
1.57
1.57
1.57
1.57
1.57
1.57
1.57
1.57
1.57
1.57
1.57
1.57
1.57
1.57
1.57
1.57
1.57
1.57
1.57
1.57
1.57
1.57
1.57
1.57
1.57
1.57
1.57
1.57
1.57
1.57
1.57
1.57
1.57
1.57
1.57
1.57
1.57
1.57
1.57
1.57
1.57
1.57
1.57
1.57
1.57
1.57
1.57
1.57
1.57
1.57
1.57
1.57
1.57
1.57
1.57
1.57
1.57
1.57
1.57
1.57
1.57
1.57
1.57
1.57
1.57
1.57
1.57
1.57
1.57
1.57
1.57
1.57
1.57
1.57
1.57
1.57
1.57
1.57
1.57
1.57
1.57
1.57
1.57
1.57
1.56
1.56
1.56
1.56
1.56
1.56
1.56
1.56
1.56
1.56
1.56
1.56
1.56
1.56
1.56
1.57
1.57
1.57
1.58
1.58
1.59
1.59
1.60
1.60
1.60
1.60
1.61
1.61
1.61
1.61
1.61
1.62
1.62
1.63
1.63
1.64
1.65
1.65
1.66
1.67
1.68
1.70
1.71
1.72
1.72
1.73
1.73
1.73
1.73
1.72
1.72
1.71
1.71
1.70
1.69
1.68
1.67
1.66
1.65
1.64
1.63
1.62
1.61
1.60
1.59
1.58
1.57
1.56
1.56
1.55
1.55
1.54
1.54
1.54
1.54
1.54
1.55
1.56
1.56
1.58
1.59
1.60
1.62
1.64
1.67
1.69
1.72
1.74
1.77
1.80
1.82
1.85
1.88
1.91
1.94
1.97
2.00
2.03
2.07
2.10
2.13
2.16
2.19
2.22
2.25
2.27
2.29
2.31
2.34
2.36
2.38
2.41
2.43
2.46
2.48
2.51
2.53
2.56
2.59
2.62
2.64
2.67
2.69
2.72
2.74
2.77
2.79
2.81
2.83
2.85
2.87
2.89
2.91
2.94
2.96
2.98
3.00
3.03
3.05
3.07
3.09
3.11
3.12
3.13
3.14
3.14
3.13
3.13
3.13
3.12
3.11
3.10
3.10
3.09
3.08
3.06
3.05
3.03
3.02
3.00
2.97
2.95
2.92
2.89
2.86
2.82
2.79
2.75
2.71
2.67
2.62
2.59
2.55
2.52
2.48
2.46
2.44
2.42
2.41
2.40
2.40
2.40
2.40
2.41
2.42
2.43
2.45
2.46
2.48
2.50
2.51
2.53
2.55
2.57
2.58
2.60
2.62
2.64
2.66
2.69
2.71
2.73
2.75
2.78
2.80
2.82
2.85
2.87
2.90
2.93
2.96
2.99
3.01
3.05
3.08
3.11
3.14
3.18
3.21
3.25
3.29
3.33
3.36
3.39
3.42
3.45
3.47
3.49
3.51
3.52
3.53
3.53
3.54
3.54
3.54
3.54
3.53
3.53
3.52
3.52
3.51
3.49
3.48
3.46
3.43
3.41
3.38
3.35
3.32
3.29
3.25
3.21
3.16
3.12
3.08
3.04
3.00
2.96
2.93
2.89
2.86
2.83
2.80
2.77
2.74
2.72
2.69
2.67
2.65
2.63
2.61
2.59
2.57
2.56
2.54
2.53
2.52
2.51
2.50
2.49
2.49
2.48
2.48
2.47
2.47
2.47
2.47
2.47
2.47
2.48
2.48
2.49
2.49
2.50
2.50
2.51
2.51
2.51
2.52
2.52
2.52
2.53
2.53
2.53
2.54
2.54
2.54
2.54
2.55
2.55
2.55
2.55
2.55
2.55
2.55
2.55
2.54
2.54
2.54
2.53
2.53
2.52
2.52
2.52
2.51
2.51
2.50
2.49
2.49
2.48
2.48
2.47
2.47
2.47
2.46
2.46
2.46
2.46
2.46
2.46
2.46
2.46
2.46
2.46
2.46
2.46
2.46
2.47
2.47
2.47
2.47
2.47
2.47
2.47
2.47
2.47
2.47
2.48
2.48
2.48
2.48
2.48
2.49
2.49
2.49
2.49
2.50
2.50
2.50
2.51
2.51
2.52
2.52
2.53
2.53
2.54
2.54
2.55
2.56
2.56
2.57
2.57
2.58
2.58
2.58
2.59
2.59
2.58
2.58
2.58
2.58
2.58
2.58
2.58
2.58
2.57
2.57
2.57
2.57
2.56
2.56
2.56
2.56
2.55
2.55
2.55
2.55
2.55
2.54
2.54
2.54
2.54
2.54
2.53
2.53
2.53
2.53
2.53
2.52
2.52
2.52
2.52
2.52
2.52
2.51
2.51
2.51
2.51
2.51
2.50
2.50
2.50
2.50
2.50
2.50
2.49
2.49
2.49
2.49
2.49
2.49
2.48
2.48
2.48
2.48
2.48
2.48
2.47
2.47
2.47
2.47
2.47
2.47
2.46
2.46
2.46
2.46
2.46
2.46
2.46
2.45
2.45
2.45
2.45
2.45
2.45
2.45
2.45
2.45
2.44
2.44
2.44
2.44
2.44
2.44
2.44
2.44
2.44
2.44
2.44
2.44
2.43
2.43
2.43
2.43
2.43
2.43
2.43
2.43
2.43
2.43
2.43
2.43
2.43
2.43
2.43
2.43
2.43
2.43
2.43
2.43
2.43
2.43
2.43
2.43
2.44
2.44
2.44
2.44
2.44
2.44
2.44
2.44
2.44
2.45
2.45
2.45
2.45
2.45
2.45
2.46
2.46
2.46
2.46
2.46
2.47
2.47
2.47
2.47
2.47
2.48
2.48
2.48
2.48
2.48
2.49
2.49
2.49
2.49
2.50
2.50
2.51
2.51
2.52
2.53
2.54
2.55
2.55
2.56
2.57
2.57
2.57
2.57
2.57
2.57
2.57
2.57
2.56
2.56
2.55
2.55
2.54
2.53
2.53
2.52
2.51
2.50
2.50
2.49
2.48
2.47
2.46
2.45
2.44
2.44
2.43
2.42
2.41
2.40
2.38
2.38
2.37
2.36
2.36
2.36
2.36
2.36
2.36
2.36
2.37
2.37
2.37
2.38
2.39
2.39
2.40
2.40
2.41
2.41
2.42
2.42
2.42
2.42
2.42
2.42
2.42
2.42
2.41
2.41
2.41
2.41
2.41
2.42
2.43
2.45
2.47
2.50
2.52
2.55
2.59
2.62
2.66
2.69
2.73
2.76
2.79
2.82
2.84
2.86
2.87
2.89
2.90
2.90
2.91
2.91
2.91
2.91
2.91
2.91
2.90
2.90
2.90
2.89
2.89
2.89
2.88
2.88
2.87
2.87
2.87
2.86
2.86
2.85
2.85
2.85
2.84
2.84
2.84
2.83
2.83
2.83
2.82
2.82
2.82
2.82
2.81
2.81
2.81
2.81
2.81
2.81
2.81
2.81
2.81
2.82
2.82
2.82
2.83
2.83
2.83
2.84
2.85
2.85
2.86
2.87
2.87
2.88
2.89
2.90
2.91
2.92
2.93
2.94
2.96
2.97
2.98
3.00
3.01
3.03
3.04
3.06
3.07
3.08
3.09
3.11
3.12
3.13
3.15
3.16
3.17
3.18
3.19
3.21
3.22
3.23
3.24
3.26
3.27
3.28
3.29
3.30
3.32
3.33
3.34
3.35
3.36
3.37
3.39
3.40
3.41
3.42
3.43
3.44
3.45
3.46
3.48
3.49
3.50
3.51
3.52
3.53
3.54
3.55
3.57
3.58
3.59
3.60
3.61
3.62
3.63
3.65
3.66
3.67
3.68
3.69
3.71
3.72
3.73
3.74
3.76
3.77
3.78
3.79
3.81
3.82
3.83
3.84
3.86
3.87
3.88
3.89
3.91
3.92
3.94
3.95
3.96
3.97
3.99
4.00
4.01
4.03
4.04
4.06
4.07
4.09
4.10
4.11
4.13
4.14
4.16
4.17
4.19
4.21
4.22
4.24
4.25
4.27
4.29
4.30
4.32
4.34
4.36
4.37
4.39
4.40
4.41
4.42
4.43
4.43
4.44
4.44
4.44
4.44
4.44
4.44
4.44
4.44
4.44
4.43
4.43
4.43
4.43
4.42
4.42
4.42
4.42
4.41
4.41
4.41
4.40
4.40
4.40
4.40
4.39
4.39
4.39
4.39
4.38
4.38
4.38
4.38
4.37
4.37
4.37
4.37
4.37
4.37
4.36
4.36
4.36
4.36
4.36
4.36
4.36
4.35
4.35
4.35
4.35
4.35
4.34
4.34
4.34
4.34
4.34
4.34
4.34
4.35
4.35
4.35
4.35
4.35
4.35
4.35
4.35
4.36
4.36
4.36
4.36
4.36
4.37
4.37
4.37
4.37
4.37
4.37
4.38
4.38
4.38
4.38
4.38
4.38
4.38
4.38
4.38
4.38
4.38
4.38
4.37
4.37
4.37
4.37
4.37
4.37
4.37
4.37
4.37
4.37
4.37
4.36
4.36
4.36
4.36
4.36
4.37
4.37
4.37
4.37
4.37
4.37
4.37
4.37
4.37
4.37
4.37
4.36
4.36
4.36
4.36
4.36
4.36
4.36
4.36
4.36
4.36
4.36
4.36
4.36
4.36
4.36
4.36
4.36
4.37
4.37
4.37
4.37
4.37
4.37
4.37
4.37
4.36
4.36
4.36
4.36
4.36
4.36
4.36
4.36
4.36
4.36
4.36
4.36
4.36
4.36
4.36
4.36
4.36
4.36
4.36
4.36
4.37
4.37
4.37
4.37
4.37
4.37
4.37
4.37
4.37
4.36
4.36
4.36
4.36
4.36
4.36
4.36
4.36
4.36
4.36
4.36
4.36
4.36
4.36
4.36
4.36
4.36
4.36
4.37
4.37
4.37
4.37
4.37
4.37
4.37
4.37
4.37
4.37
4.37
4.37
4.37
4.37
4.37
4.37
4.37
4.37
4.37
4.37
4.37
4.37
4.37
4.37
4.37
4.37
4.37
4.37
4.37
4.37
4.37
4.37
4.37
4.37
4.37
4.37
4.37
4.37
4.37
4.37
4.37
4.37
4.37
4.37
4.37
4.37
4.37
4.37
4.37
4.37
4.37
4.37
4.37
4.37
4.37
4.37
4.37
4.37
4.37
4.37
4.37
4.37
4.37
4.37
4.37
4.37
4.37
4.37
4.37
4.37
4.37
4.37
4.37
4.37
4.37
4.37
4.37
4.37
4.37
4.37
4.37
4.37
4.37
4.37
4.37
4.37
4.37
4.37
4.37
4.37
4.37
4.37
4.37
4.37
4.37
4.37
4.37
4.37
4.37
4.37
4.37
4.37
4.37
4.37
4.37
4.37
4.37
4.37
4.37
4.37
4.37
4.37
4.37
4.37
4.37
4.37
4.37
4.37
4.37
4.37
4.37
4.37
4.37
4.37
4.37
4.37
4.37
4.37
4.37
4.37
4.37
4.37
4.37
4.37
4.37
4.37
4.37
4.37
4.37
4.37
4.37
4.37
4.37
4.37
4.37
4.37
4.37
4.37
4.37
4.37
4.37
4.37
4.37
4.37
4.37
4.37
4.37
4.37
4.37
4.37
4.37
4.37
4.37
4.37
4.37
4.37
4.37
4.37
4.37
4.37
4.37
4.37
4.37
4.37
4.37
4.37
4.37
4.37
4.37
4.37
4.37
4.37
4.37
4.37
4.37
4.37
4.37
4.37
4.37
4.37
4.37
4.37
4.37
4.37
4.37
4.37
4.37
4.37
4.37
4.37
4.37
4.37
4.37
4.37
4.37
4.37
4.37
4.37
4.37
4.37
4.37
4.37
4.37
4.37
4.37
4.37
4.37
4.37
4.37
4.37
4.37
4.37
4.37
4.37
4.37
4.37
4.37
4.37
4.37
4.37
4.37
4.37
4.37
4.37
4.37
4.37
4.37
4.37
4.37
4.37
4.37
4.37
4.37
4.37
4.37
4.37
4.37
4.37
4.37
4.37
4.37
4.37
4.37
4.37
4.37
4.37
4.37
4.37
4.37
4.37
4.37
4.37
4.37
4.37
4.37
4.37
4.37
4.37
4.37
4.37
4.37
4.37
4.37
4.37
4.37
4.37
4.37
4.37
4.37
4.37
4.37
4.37
4.37
4.37
4.37
4.37
4.37
4.37
4.37
4.37
4.37
4.37
4.37
4.37
4.37
4.37
4.37
4.37
4.37
4.37
4.37
4.37
4.37
4.37
4.37
4.37
4.37
4.37
4.37
4.37
4.37
4.37
4.37
4.37
4.37
4.37
4.37
4.37
4.37
4.37
4.37
4.37
4.37
4.37
4.37
4.37
4.37
4.37
4.37
4.37
4.37
4.37
4.37
4.37
4.37
4.37
4.37
4.37
4.37
4.37
4.37
4.37
4.37
4.37
4.37
4.37
4.37
4.37
4.37
4.37
4.37
4.37
4.37
4.37
4.37
4.37
4.37
4.37
4.37
4.37
4.37
4.37
4.37
4.37
4.37
4.37
4.37
4.37
4.37
4.37
4.37
4.37
4.37
4.37
4.37
4.37
4.37
4.37
4.37
4.37
4.37
4.37
4.37
4.37
4.37
4.37
4.37
4.37
4.37
4.37
4.37
4.37
4.37
4.37
4.37
4.37
4.37
4.37
4.37
4.37
4.37
4.37
4.37
4.37
4.37
4.37
4.37
4.37
4.37
4.37
4.37
4.37
4.37
4.37
4.37
4.37
4.37
4.37
4.37
4.37
4.37
4.37
4.37
4.37
4.37
4.37
4.37
4.37
4.37
4.37
4.37
4.37
4.37
4.37
4.37
4.37
4.37
4.37
4.37
4.37
4.37
4.37
4.37
4.37
4.37
4.37
4.37
4.37
4.37
4.37
4.37
4.37
4.37
4.37
4.37
4.37
4.37
4.37
4.37
4.37
4.37
4.37
4.37
4.37
4.37
4.37
4.37
4.37
4.37
4.37
4.37
4.37
4.37
4.37
4.37
4.37
4.37
4.37
4.37
4.37
4.37
4.37
4.37
4.37
4.37
4.37
4.37
4.37
4.37
4.37
4.37
4.37
4.37
4.37
4.37
4.37
4.37
4.37
4.37
4.37
4.37
4.37
4.37
4.37
4.37
4.37
4.37
4.37
4.37
4.37
4.37
4.37
4.37
4.37
4.37
4.37
4.37
4.37
4.37
4.37
4.37
4.37
4.37
4.37
4.37
4.37
4.37
4.37
4.37
4.37
4.37
4.37
4.37
4.37
4.37
4.37
4.37
4.37
4.37
4.37
4.37
4.37
4.37
4.37
4.37
4.37
4.37
4.37
4.37
4.37
4.37
4.37
4.37
4.37
4.37
4.37
4.37
4.37
4.37
4.37
4.37
4.37
4.37
4.37
4.37
4.37
4.37
4.37
4.37
4.37
4.37
4.37
4.37
4.37
4.37
4.37
4.37
4.37
4.37
4.37
4.37
4.37
4.37
4.37
4.37
4.37
4.37
4.37
4.37
4.37
4.37
4.37
4.37
4.37
4.37
4.37
4.37
4.37
4.37
4.37
4.37
4.37
4.37
4.37
4.37
4.37
4.37
4.37
4.37
4.37
4.37
4.37
4.37
4.37
4.37
4.37
4.37
4.37
4.37
4.37
4.37
4.37
4.37
4.37
4.37
4.37
4.37
4.37
4.37
4.37
4.37
4.37
4.37
4.37
4.37
4.37
4.37
4.37
4.37
4.37
4.37
4.37
4.37
4.37
4.37
4.37
4.37
4.37
4.37
4.37
4.37
4.37
4.37
4.37
4.37
4.37
4.37
4.37
4.37
4.37
4.37
4.37
4.37
4.37
4.37
4.37
4.37
4.37
4.37
4.37
4.37
4.37
4.37
4.37
4.37
4.37
4.37
4.37
4.37
4.37
4.37
4.37
4.37
4.37
4.37
4.37
4.37
4.37
4.37
4.37
4.37
4.37
4.37
4.37
4.37
4.37
4.37
4.37
4.37
4.37
4.37
4.37
4.37
4.37
4.37
4.37
4.37
4.37
4.37
4.37
4.37
4.37
4.37
4.37
4.37
4.37
4.37
4.37
4.37
4.37
4.37
4.37
4.37
4.37
4.37
4.37
4.37
4.37
4.37
4.37
4.37
4.37
4.37
4.37
4.37
4.37
4.37
4.37
4.37
4.37
4.37
4.37
4.37
4.37
4.37
4.37
4.37
4.37
4.37
4.37
4.37
4.37
4.37
4.37
4.37
4.37
4.37
4.37
4.37
4.37
4.37
4.37
4.37
4.37
4.37
4.37
4.37
4.37
4.37
4.37
4.37
4.37
4.37
4.37
4.37
4.37
4.37
4.37
4.37
4.37
4.37
4.37
4.37
4.37
4.37
4.37
4.37
4.37
4.37
4.37
4.37
4.37
4.37
4.37
4.37
4.37
4.37
4.37
4.37
4.37
4.37
4.37
4.37
4.37
4.37
4.37
4.37
4.37
4.37
4.37
4.37
4.37
4.37
4.37
4.37
4.37
4.37
4.37
4.37
4.37
4.37
4.37
4.37
4.37
4.37
4.37
4.37
4.37
4.37
4.37
4.37
4.37
4.37
4.37
4.37
4.37
4.37
4.37
4.37
4.37
4.37
4.37
4.37
4.37
4.37
4.37
4.37
4.37
4.37
4.37
4.37
4.37
4.37
4.37
4.37
4.37
4.37
4.37
4.37
4.37
4.37
4.37
4.37
4.37
4.37
4.37
4.37
4.37
4.37
4.37
4.37
4.37
4.37
4.37
4.37
4.37
4.37
4.37
4.37
4.37
4.37
4.37
4.37
4.37
4.37
4.37
4.37
4.37
4.37
4.37
4.37
4.37
4.37
4.37
4.37
4.37
4.37
4.37
4.37
4.37
4.37
4.37
4.37
4.37
4.37
4.37
4.37
4.37
4.37
4.37
4.37
4.37
4.37
4.37
4.37
4.37
4.37
4.37
4.37
4.37
4.37
4.37
4.37
4.37
4.37
4.37
4.37
4.37
4.37
4.37
4.37
4.37
4.37
4.37
4.37
4.37
4.37
4.37
4.37
4.37
4.37
4.37
4.37
4.37
4.37
4.37
4.37
4.37
4.37
4.37
4.37
4.37
4.37
4.37
4.37
4.37
4.37
4.37
4.37
4.37
4.37
4.37
4.37
4.37
4.37
4.37
4.37
4.37
4.37
4.37
4.37
4.37
4.37
4.37
4.37
4.37
4.37
4.37
4.37
4.37
4.37
4.37
4.37
4.37
4.37
4.37
4.37
4.37
4.37
4.37
4.37
4.37
4.37
4.37
4.37
4.37
4.37
4.37
4.37
4.37
4.37
4.37
4.37
4.37
4.37
4.37
4.37
4.37
4.37
4.37
4.37
4.37
4.37
4.37
4.37
4.37
4.37
4.37
4.37
4.37
4.37
4.37
4.37
4.37
4.37
4.37
4.37
4.37
4.37
4.37
4.37
4.37
4.37
4.37
4.37
4.37
4.37
4.37
4.37
4.37
4.37
4.37
4.37
4.37
4.37
4.37
4.37
4.37
4.37
4.37
4.37
4.37
4.37
4.37
4.37
4.37
4.37
4.37
4.37
4.37
4.37
4.37
4.37
4.37
4.37
4.37
4.37
4.37
4.37
4.37
4.37
4.37
4.37
4.37
4.37
4.37
4.37
4.37
4.37
4.37
4.37
4.37
4.37
4.37
4.37
4.37
4.37
4.37
4.37
4.37
4.37
4.37
4.37
4.37
4.37
4.37
4.37
4.37
4.37
4.37
4.37
4.37
4.37
4.37
4.37
4.37
4.37
4.37
4.37
4.37
4.37
4.37
4.37
4.37
4.37
4.37
4.37
4.37
4.37
4.37
4.37
4.37
4.37
4.37
4.37
4.37
4.37
4.37
4.37
4.37
4.37
4.37
4.37
4.37
4.37
4.37
4.37
4.37
4.37
4.37
4.37
4.37
4.37
4.37
4.37
4.37
4.37
4.37
4.37
4.37
4.37
4.37
4.37
4.37
4.37
4.37
4.37
4.37
4.37
4.37
4.37
4.37
4.37
4.37
4.37
4.37
4.37
4.37
4.37
4.37
4.37
4.37
4.37
4.37
4.37
4.37
4.37
4.37
4.37
4.37
4.37
4.37
4.37
4.37
4.37
4.37
4.37
4.37
4.37
4.37
4.37
4.37
4.37
4.37
4.37
4.37
4.37
4.37
4.37
4.37
4.37
4.37
4.37
4.37
4.37
4.37
4.37
4.37
4.37
4.37
4.37
4.37
4.37
4.37
4.37
4.37
4.37
4.37
4.37
4.37
4.37
4.37
4.37
4.37
4.37
4.37
4.37
4.37
4.37
4.37
4.37
4.37
4.37
4.37
4.37
4.37
4.37
4.37
4.37
4.37
4.37
4.37
4.37
4.37
4.37
4.37
4.37
4.37
4.37
4.37
4.37
4.37
4.37
4.37
4.37
4.37
4.37
4.37
4.37
4.37
4.37
4.37
4.37
4.37
4.37
4.37
4.37
4.37
4.37
4.37
4.37
4.37
4.37
4.37
4.37
4.37
4.37
4.37
4.37
4.37
4.37
4.37
4.37
4.37
4.37
4.37
4.37
4.37
4.37
4.37
4.37
4.37
4.37
4.37
4.37
4.37
4.37
4.37
4.37
4.37
4.37
4.37
4.37
4.37
4.37
4.37
4.37
4.37
4.37
4.37
4.37
4.37
4.37
4.37
4.37
4.37
4.37
4.37
4.37
4.37
4.37
4.37
4.37
4.37
4.37
4.37
4.37
4.37
4.37
4.37
4.37
4.37
4.37
4.37
4.37
4.37
4.37
4.37
4.37
4.37
4.37
4.37
4.37
4.37
4.37
4.37
4.37
4.37
4.37
4.37
4.37
4.37
4.37
4.37
4.37
4.37
4.37
4.37
4.37
4.37
4.37
4.37
4.37
4.37
4.37
4.37
4.37
4.37
4.37
4.37
4.37
4.37
4.37
4.37
4.37
4.37
4.37
4.37
4.37
4.37
4.37
4.37
4.37
4.37
4.37
4.37
4.37
4.37
4.37
4.37
4.37
4.37
4.37
4.37
4.37
4.37
4.37
4.37
4.37
4.37
4.37
4.37
4.37
4.37
4.37
4.37
4.37
4.37
4.37
4.37
4.37
4.37
4.37
4.37
4.37
4.37
4.37
4.37
4.37
4.37
4.37
4.37
4.37
4.37
4.37
4.37
4.37
4.37
4.37
4.37
4.37
4.37
4.37
4.37
4.37
4.37
4.37
4.37
4.37
4.37
4.37
4.37
4.37
4.37
4.37
4.37
4.37
4.37
4.37
4.37
4.37
4.37
4.37
4.37
4.37
4.37
4.37
4.37
4.37
4.37
4.37
4.37
4.37
4.37
4.37
4.37
4.37
4.37
4.37
4.37
4.37
4.37
4.37
4.37
4.37
4.37
4.37
4.37
4.37
4.37
4.37
4.37
4.37
4.37
4.37
4.37
4.37
4.37
4.37
4.37
4.37
4.37
4.37
4.37
4.37
4.37
4.37
4.37
4.37
4.37
4.37
4.37
4.37
4.37
4.37
4.37
4.37
4.37
4.37
4.37
4.37
4.37
4.37
4.37
4.37
4.37
4.37
4.37
4.37
4.37
4.37
4.37
4.37
4.37
4.37
4.37
4.37
4.37
4.37
4.37
4.37
4.37
4.37
4.37
4.37
4.37
4.37
4.37
4.37
4.37
4.37
4.37
4.37
4.37
4.37
4.37
4.37
4.37
4.37
4.37
4.37
4.37
4.37
4.37
4.37
4.37
4.37
4.37
4.37
4.37
4.37
4.37
4.37
4.37
4.37
4.37
4.37
4.37
4.37
4.37
4.37
4.37
4.37
4.37
4.37
4.37
4.37
4.37
4.37
4.37
4.37
4.37
4.37
4.37
4.37
4.37
4.37
4.37
4.37
4.37
4.37
4.37
4.37
4.37
4.37
4.37
4.37
4.37
4.37
4.37
4.37
4.37
4.37
4.37
4.37
4.37
4.37
4.37
4.37
4.37
4.37
4.37
4.37
4.37
4.37
4.37
4.37
4.37
4.37
4.37
4.37
4.37
4.37
4.37
4.37
4.37
4.37
4.37
4.37
4.37
4.37
4.37
4.37
4.37
4.37
4.37
4.37
4.37
4.37
4.37
4.37
4.37
4.37
4.37
4.37
4.37
4.37
4.37
4.37
4.37
4.37
4.37
4.37
4.37
4.37
4.37
4.37
4.37
4.37
4.37
4.37
4.37
4.37
4.37
4.37
4.37
4.37
4.37
4.37
4.37
4.37
4.37
4.37
4.37
4.37
4.37
4.37
4.37
4.37
4.37
4.37
4.37
4.37
4.37
4.37
4.37
4.37
4.37
4.37
4.37
4.37
4.37
4.37
4.37
4.37
4.37
4.37
4.37
4.37
4.37
4.37
4.37
4.37
4.37
4.37
4.37
4.37
4.37
4.37
4.37
4.37
4.37
4.37
4.37
4.37
4.37
4.37
4.37
4.37
4.37
4.37
4.37
4.37
4.37
4.37
4.37
4.37
4.37
4.37
4.37
4.37
4.37
4.37
4.37
4.37
4.37
4.37
4.37
4.37
4.37
4.37
4.37
4.37
4.37
4.37
4.37
4.37
4.37
4.37
4.37
4.37
4.37
4.37
4.37
4.37
4.37
4.37
4.37
4.37
4.37
4.37
4.37
4.37
4.37
4.37
4.37
4.37
4.37
4.37
4.37
4.37
4.37
4.37
4.37
4.37
4.37
4.37
4.37
4.37
4.37
4.37
4.37
4.37
4.37
4.37
4.37
4.37
4.37
4.37
4.37
4.37
4.37
4.37
4.37
4.37
4.37
4.37
4.37
4.37
4.37
4.37
4.37
4.37
4.37
4.37
4.37
4.37
4.37
4.37
4.37
4.37
4.37
4.37
4.37
4.37
4.37
4.37
4.37
4.37
4.37
4.37
4.37
4.37
4.37
4.37
4.37
4.37
4.37
4.37
4.37
4.37
4.37
4.37
4.37
4.37
4.37
4.37
4.37
4.37
4.37
4.37
4.37
4.37
4.37
4.37
4.37
4.37
4.37
4.37
4.37
4.37
4.37
4.37
4.37
4.37
4.37
4.37
4.37
4.37
4.37
4.37
4.37
4.37
4.37
4.37
4.37
4.37
4.37
4.37
4.37
4.37
