-5.33
-5.83
-6.41
-5.65
-6.28
-6.49
-6.26
-6.94
-6.28
-7.66
-6.93
-7.06
-7.22
-6.65
-6.87
-7.11
-6.89
-7.00
-6.74
-6.72
-7.97
-7.13
-8.01
-6.71
-8.51
-9.30
-7.84
-9.51
-7.82
-9.44
-8.10
-8.79
-8.94
-10.29
-8.24
-9.63
-8.47
-9.01
-9.16
-9.89
-8.14
-9.27
-8.75
-9.07
-8.12
-8.50
-7.52
-8.37
-7.49
-6.85
-6.11
-6.81
-6.86
-6.14
-6.57
-5.82
-6.23
-5.71
-5.82
-5.13
-4.46
-3.66
-2.89
-2.39
-1.83
-2.11
-1.91
-1.78
-1.66
-1.54
-1.42
-1.30
-1.20
-1.04
-0.99
-0.77
-0.75
-0.61
-0.59
-0.46
-0.44
-0.35
-0.31
-0.21
-0.22
-0.10
-0.06
0.02
0.11
0.15
0.29
0.29
0.49
0.45
0.70
0.66
0.77
0.78
0.91
0.87
1.24
1.06
1.08
1.26
1.19
1.22
1.09
1.13
0.92
0.96
0.91
0.82
0.75
0.70
0.44
0.39
0.11
-0.04
0.07
-0.01
0.29
0.41
0.67
0.91
1.14
1.35
1.57
1.77
1.98
1.91
2.11
2.27
2.42
2.56
2.29
2.45
2.60
2.76
2.89
2.67
2.78
2.90
3.02
3.01
2.99
2.85
2.66
2.17
2.29
1.85
1.24
1.04
0.62
0.92
1.23
1.50
1.74
1.56
2.06
1.95
2.32
1.85
2.52
2.38
2.99
2.47
3.00
2.68
2.79
2.53
2.46
2.56
2.53
2.44
2.21
1.97
1.59
0.32
0.28
0.17
0.15
0.09
0.08
0.04
0.02
0.01
-0.00
-0.01
-0.03
-0.05
-0.06
-0.06
-0.08
-0.06
-0.08
-0.09
-0.07
-0.09
-0.08
-0.10
-0.10
-0.11
-0.10
-0.11
-0.10
-0.11
-0.10
-0.11
-0.10
-0.11
-0.10
-0.11
-0.09
-0.10
-0.08
-0.10
-0.07
-0.08
-0.09
-0.07
-0.08
-0.07
-0.08
-0.06
-0.07
-0.07
-0.08
-0.07
-0.07
-0.06
-0.07
-0.06
-0.07
-0.05
-0.06
-0.06
-0.04
-0.04
-0.05
-0.04
-0.02
-0.05
-0.06
-0.04
-0.04
-0.02
-0.02
-0.01
0.00
0.02
0.04
0.03
0.04
0.04
0.05
0.05
0.06
0.05
0.06
0.06
0.07
0.06
0.07
0.06
0.07
0.06
0.07
0.09
0.07
0.13
0.08
0.11
0.13
0.14
0.16
0.16
0.17
0.14
0.16
0.16
0.19
0.16
0.16
0.20
0.17
0.20
0.23
0.21
0.25
0.24
0.26
0.24
0.27
0.28
0.32
0.28
0.32
0.34
0.31
0.36
0.39
0.33
0.38
0.40
0.41
0.46
0.51
0.48
0.46
0.32
0.37
0.43
0.44
0.49
0.54
0.67
0.65
0.45
0.34
0.41
0.44
0.50
0.54
0.61
0.58
0.65
0.68
0.60
0.50
0.55
0.46
0.49
0.39
0.47
0.47
0.56
0.60
0.59
0.66
0.71
0.62
0.66
0.78
0.66
0.45
0.49
0.55
0.59
0.65
0.71
0.78
0.83
0.70
0.82
0.86
0.83
0.88
0.73
0.79
0.81
0.88
0.92
0.82
0.76
0.71
0.70
0.76
0.82
0.87
0.90
0.86
0.92
0.76
0.91
0.92
0.96
0.89
0.98
0.89
1.05
0.79
0.93
0.95
0.81
0.96
0.96
0.99
0.66
0.71
0.68
0.78
0.66
0.81
0.71
0.76
0.68
0.98
0.82
1.18
0.84
1.48
0.90
1.24
0.71
1.38
0.86
1.20
0.72
1.40
0.83
1.39
0.88
1.31
0.90
1.39
0.83
1.51
0.96
1.64
1.09
1.68
1.10
1.74
1.18
1.83
1.30
1.64
1.13
1.68
1.14
1.79
1.32
1.63
1.20
1.66
1.25
1.82
1.40
1.62
1.55
1.63
1.73
1.55
1.67
1.75
1.83
1.83
1.52
1.63
1.57
1.66
1.70
1.48
1.77
1.86
1.81
1.68
1.55
1.17
1.53
1.29
1.47
1.30
1.48
1.35
1.53
1.19
1.88
1.63
1.76
1.89
1.84
1.98
1.76
1.90
1.82
1.97
2.06
1.80
2.37
1.86
2.60
2.07
2.75
2.60
2.86
2.67
2.95
2.77
3.08
2.87
3.20
2.97
3.33
3.09
3.47
3.21
3.62
3.47
3.92
3.89
4.74
4.65
5.54
5.66
6.01
6.92
7.76
8.72
9.21
10.47
11.60
12.83
-6.52
-5.60
-5.23
-5.25
-4.90
-4.89
-3.67
-4.03
-4.37
-2.89
-3.25
-3.03
-3.38
-2.06
-2.42
-2.43
-2.14
-2.48
-1.45
-1.80
-2.06
-1.35
-1.70
-1.28
-1.59
-1.84
-2.00
-2.03
-2.15
-2.08
-2.26
-1.88
-2.19
-1.75
-2.07
-1.90
-2.17
-1.57
-1.88
-1.56
-1.82
-1.25
-1.55
-1.76
-1.21
-1.50
-1.26
-1.48
-1.35
-1.59
-1.88
-2.01
-1.70
-1.94
-1.29
-1.56
-2.00
-1.25
-2.73
-2.05
-1.19
-0.57
-2.07
-3.40
-2.76
-2.24
-2.13
-2.14
-2.10
-1.88
-1.93
-1.87
-1.98
-1.75
-1.90
-2.00
-1.90
-2.11
-1.88
-1.84
-1.76
-1.86
-1.40
-1.36
-1.64
-1.82
-2.25
-2.37
-2.40
-1.63
-1.72
-1.90
-1.84
-1.88
-1.96
-2.26
-2.08
-2.10
-1.86
-1.22
-1.31
-1.53
-1.01
-1.12
-1.32
-1.48
-1.84
-1.51
-1.69
-1.40
-1.52
-1.59
-1.74
-1.60
-1.77
-1.40
-1.18
-1.15
-1.20
-1.13
-1.22
-1.41
-2.01
-1.85
-1.14
-1.30
-1.73
-1.22
-1.34
-1.52
-1.49
-1.49
-1.36
-1.44
-1.14
-1.24
-1.25
-1.42
-1.31
-1.32
-0.87
-1.05
-1.37
-0.90
-1.10
-1.23
-1.48
-1.43
-0.85
-1.03
-1.52
-0.85
-1.00
-1.17
-1.26
-1.26
-1.40
-1.40
-1.37
-1.15
-1.07
-1.45
-1.14
-1.15
-1.17
-1.21
-1.29
-1.37
-1.20
-1.10
-0.59
-0.71
-0.85
-0.72
-0.80
-0.88
-0.91
-1.02
-1.08
-1.10
-1.03
-1.14
-0.98
-1.11
-0.96
-0.86
-0.53
-0.58
-0.69
-0.54
-0.62
-0.72
-0.79
-0.75
-0.68
-0.69
-0.82
-0.96
-0.79
-0.81
-0.85
-0.72
-0.76
-0.75
-0.74
-0.71
-0.78
-0.84
-0.80
-0.83
-0.65
-0.74
-0.78
-0.70
-0.72
-0.66
-0.76
-0.67
-0.77
-0.74
-0.63
-0.49
-0.48
-0.44
-0.52
-0.55
-0.57
-0.52
-0.60
-0.48
-0.56
-0.55
-0.50
-0.42
-0.47
-0.39
-0.35
-0.18
-0.49
-0.27
-0.47
-0.37
-0.40
-0.32
-0.40
-0.30
-0.42
-0.21
-0.39
-0.23
-0.33
-0.22
-0.30
-0.20
-0.27
-0.18
-0.23
-0.12
-0.23
-0.17
-0.20
-0.11
-0.16
-0.08
-0.11
-0.05
-0.04
-0.00
0.03
0.05
0.08
0.11
0.09
0.18
0.14
0.26
0.22
0.33
0.29
0.38
0.33
0.49
0.36
0.58
0.44
0.66
0.61
0.73
0.68
0.81
0.80
0.95
1.01
0.96
0.84
0.65
0.79
0.72
0.76
0.87
0.99
0.77
0.93
1.04
1.15
1.26
1.14
1.26
1.14
1.25
1.37
1.43
1.14
1.32
1.34
1.46
1.52
1.25
1.58
1.28
1.59
1.62
1.73
1.30
1.96
1.53
2.00
1.65
2.30
1.85
1.94
1.76
1.96
1.54
2.27
1.84
2.05
1.85
2.06
1.85
2.06
1.69
2.17
1.67
2.39
2.01
2.24
2.00
2.21
1.86
2.32
1.92
2.44
2.23
2.43
2.02
2.42
2.18
2.38
2.31
2.35
2.19
2.29
2.40
2.46
2.42
2.25
2.01
1.66
-0.24
-0.22
-0.19
-0.21
-0.18
-0.17
-0.18
-0.12
-0.13
-0.14
-0.09
-0.11
-0.09
-0.10
-0.06
-0.07
-0.08
-0.05
-0.06
-0.05
-0.06
-0.04
-0.05
-0.04
-0.05
-0.03
-0.04
-0.04
-0.05
-0.04
-0.05
-0.04
-0.04
-0.04
-0.04
-0.03
-0.03
-0.02
-0.02
-0.02
-0.02
-0.01
-0.01
-0.01
-0.01
-0.00
0.00
0.00
0.01
0.01
0.01
0.01
0.02
0.03
0.03
0.02
0.01
0.04
0.07
0.06
0.07
0.07
0.08
0.08
0.09
0.10
0.09
0.10
0.11
0.12
0.11
0.13
0.11
0.11
0.10
0.11
0.12
0.11
0.09
0.11
0.13
0.15
0.16
0.18
0.19
0.18
0.12
0.14
0.18
0.13
0.17
0.19
0.21
0.22
0.22
0.25
0.26
0.30
0.27
0.20
0.26
0.20
0.24
0.28
0.30
0.30
0.34
0.33
0.37
0.27
0.23
0.29
0.22
0.28
0.28
0.31
0.36
0.37
0.38
0.41
0.29
0.25
0.26
0.33
0.39
0.37
0.44
0.59
0.38
0.35
0.34
0.29
0.35
0.41
0.46
0.37
0.44
0.47
0.38
0.45
0.43
0.47
0.52
0.52
0.53
0.51
0.55
0.42
0.51
0.59
0.49
0.54
0.60
0.56
0.61
0.51
0.62
0.51
0.61
0.51
0.56
0.53
0.49
0.33
0.42
0.53
0.59
0.54
0.55
0.39
0.47
0.56
0.38
0.47
0.54
0.62
0.71
0.88
0.75
0.53
0.63
0.60
0.72
0.66
0.64
0.62
0.68
0.55
0.60
0.68
0.71
0.92
0.88
0.59
0.69
0.75
0.61
0.67
0.69
0.55
0.65
0.69
0.67
0.70
0.70
0.55
0.66
0.67
0.71
0.75
0.73
0.60
0.63
0.67
0.60
0.64
0.55
0.79
0.66
0.94
0.76
1.09
0.76
1.33
0.78
1.22
0.83
1.16
0.85
1.17
0.87
1.19
0.81
1.29
0.72
1.38
0.84
1.48
1.01
1.29
0.93
1.34
0.83
1.49
0.94
1.59
1.04
1.59
1.04
1.70
1.16
1.72
1.19
1.53
0.99
1.58
1.08
1.71
1.26
1.47
1.50
1.52
1.23
1.46
1.20
1.37
1.40
1.49
1.17
1.73
1.27
1.51
1.36
1.44
1.52
1.34
1.64
1.72
1.67
1.36
1.44
1.35
1.45
1.45
1.38
1.47
1.14
1.77
1.41
1.58
1.33
1.74
1.48
1.65
1.39
1.80
1.49
1.90
1.58
1.91
1.49
1.84
1.42
1.97
1.71
1.83
1.96
1.95
1.66
1.89
1.68
1.98
2.02
2.16
1.63
2.41
1.90
2.71
2.18
2.98
2.57
2.87
2.65
2.97
2.74
3.08
2.84
3.20
2.95
3.33
2.86
3.94
3.75
4.71
4.42
5.00
4.57
5.11
5.93
7.02
7.59
8.64
9.45
10.73
11.88
13.12
-7.69
-6.49
-5.45
-5.06
-4.88
-4.55
-3.73
-4.02
-3.04
-3.36
-3.31
-2.31
-2.65
-2.71
-1.74
-2.09
-2.33
-1.48
-1.83
-1.63
-1.93
-1.25
-1.60
-1.25
-1.55
-0.98
-1.32
-1.46
-0.89
-1.21
-1.44
-1.68
-1.69
-1.86
-1.74
-2.00
-1.81
-2.12
-1.32
-1.60
-1.88
-1.58
-1.86
-1.91
-1.65
-1.83
-1.47
-1.73
-1.28
-1.50
-1.83
-1.73
-1.97
-2.07
-1.86
-1.24
-2.40
-2.11
-2.59
-3.71
-3.12
-2.79
-2.25
-3.51
-4.02
-3.32
-3.06
-2.63
-2.52
-2.26
-2.24
-1.87
-1.92
-1.40
-1.56
-1.49
-1.55
-1.11
-1.32
-1.58
-1.29
-1.93
-2.15
-2.45
-1.97
-1.68
-1.69
-1.69
-1.64
-1.64
-1.57
-1.63
-1.49
-1.60
-1.51
-1.65
-1.45
-1.60
-1.22
-1.45
-1.40
-1.59
-1.27
-1.48
-1.19
-1.21
-1.34
-1.12
-1.45
-1.87
-1.77
-1.69
-1.80
-1.84
-1.64
-1.83
-1.64
-1.76
-1.68
-1.32
-1.48
-1.60
-1.41
-1.47
-1.39
-1.46
-1.46
-1.23
-1.08
-1.21
-1.49
-1.20
-0.52
-0.68
-0.82
-0.74
-0.84
-0.93
-1.05
-1.21
-1.37
-1.29
-1.02
-1.07
-1.16
-0.93
-0.96
-0.87
-1.03
-1.14
-1.11
-1.19
-1.06
-1.46
-1.17
-1.20
-0.98
-1.05
-0.93
-1.05
-1.11
-1.06
-1.11
-0.96
-1.16
-1.18
-1.19
-0.94
-0.96
-0.97
-0.86
-0.86
-0.89
-0.89
-0.83
-0.91
-0.60
-0.62
-0.92
-0.65
-0.73
-0.69
-0.55
-0.61
-0.52
-0.59
-0.46
-0.53
-0.46
-0.52
-0.42
-0.48
-0.40
-0.46
-0.38
-0.43
-0.38
-0.43
-0.31
-0.48
-0.25
-0.41
-0.20
-0.38
-0.23
-0.31
-0.21
-0.28
-0.19
-0.25
-0.17
-0.21
-0.11
-0.20
-0.13
-0.18
-0.09
-0.12
-0.06
-0.05
-0.01
0.03
0.05
0.09
0.08
0.17
0.14
0.25
0.22
0.31
0.23
0.41
0.32
0.52
0.39
0.39
0.44
0.48
0.49
0.56
0.57
0.64
0.56
0.68
0.65
0.72
0.78
0.70
0.91
0.99
1.03
0.81
0.91
0.82
0.89
0.82
0.98
0.73
1.00
0.74
1.02
0.73
1.08
1.03
1.16
1.30
1.19
1.32
1.25
1.38
1.51
1.28
