0.42
0.25
0.14
0.06
0.16
0.23
0.29
0.48
0.37
0.36
0.32
0.02
-0.20
0.15
0.09
0.07
-0.02
-0.15
-0.24
-0.46
-0.67
-0.69
-1.01
-1.18
-1.21
-1.68
-1.77
-1.83
-2.34
-2.15
-2.77
-2.49
-3.17
-2.90
-3.63
-3.33
-4.02
-3.58
-3.93
-3.28
-4.21
-3.57
-3.92
-3.56
-3.56
-3.93
-3.69
-4.06
-3.80
-4.18
-3.90
-4.29
-3.78
-4.17
-3.89
-4.39
-3.92
-3.40
-3.20
-2.60
-2.95
-2.33
-2.21
-2.12
-2.06
-2.00
-1.84
-1.72
-1.55
-1.69
-1.41
-1.92
-1.52
-1.78
-1.45
-1.96
-1.43
-2.01
-1.40
-2.05
-1.37
-2.08
-1.32
-2.08
-1.28
-2.07
-1.29
-2.05
-1.29
-1.97
-1.30
-2.13
-1.37
-2.15
-1.41
-1.94
-1.36
-2.18
-1.48
-2.28
-1.47
-2.25
-1.63
-2.32
-1.65
-2.02
-1.70
-2.02
-1.70
-2.02
-1.72
-2.03
-1.74
-2.04
-1.75
-2.04
-1.76
-2.05
-1.77
-2.05
-1.78
-2.05
-1.79
-2.05
-1.50
-2.16
-1.87
-2.24
-1.63
-2.28
-1.73
-2.26
-1.68
-2.30
-1.89
-1.91
-1.98
-1.62
-2.24
-1.74
-2.32
-2.01
-1.91
-1.95
-1.68
-2.22
-1.77
-2.28
-1.98
-1.95
-2.08
-2.20
-2.00
-2.11
-1.92
-2.02
-1.87
-1.95
-1.80
-1.87
-1.59
-1.90
-1.67
-1.73
-1.58
-1.65
-1.48
-1.52
-1.38
-1.39
-1.29
-1.15
-1.01
-1.08
-0.97
-0.86
-0.67
-0.68
-0.56
-0.44
-0.29
-0.23
-0.11
0.00
0.12
0.25
0.34
0.51
0.59
0.75
0.80
0.96
0.97
1.28
1.24
1.45
1.44
1.70
1.64
1.89
1.92
2.03
1.95
1.85
1.78
2.05
2.27
2.51
2.77
2.81
3.08
3.11
3.41
3.52
3.77
-0.49
-0.46
-0.38
-0.10
-0.02
0.12
0.23
0.26
0.35
0.38
0.43
0.40
0.50
0.45
0.56
0.50
0.59
0.56
0.59
0.53
0.66
0.59
0.63
0.62
0.60
0.60
0.57
0.67
0.60
0.66
0.59
0.71
0.63
0.67
0.60
0.73
0.66
0.68
0.67
0.64
0.68
0.61
0.74
0.67
0.69
0.67
0.69
0.69
0.64
0.69
0.66
0.68
0.62
0.75
0.61
0.76
0.58
0.77
0.55
0.75
0.54
0.74
0.52
0.74
0.52
0.74
0.52
0.74
0.52
0.74
0.51
0.74
0.51
0.72
0.50
0.61
0.51
0.60
0.51
0.60
0.51
0.60
0.51
0.64
0.51
0.78
0.56
0.73
0.57
0.79
0.55
0.84
0.58
0.85
0.61
0.89
0.70
0.90
0.74
0.94
0.83
0.97
0.82
1.01
0.86
1.06
0.86
1.12
0.87
1.17
0.91
1.25
0.94
1.31
1.05
1.42
1.15
1.49
1.25
1.60
1.12
1.49
1.41
1.50
1.54
1.81
1.62
1.95
1.64
2.01
1.74
2.15
1.76
2.27
1.96
2.27
1.93
2.25
1.94
2.41
2.09
2.70
2.35
2.89
2.65
2.66
2.79
2.70
3.27
2.95
3.51
3.34
3.50
3.42
3.86
3.73
3.94
3.96
3.85
3.67
4.02
3.98
4.29
4.37
4.43
4.14
4.38
4.33
4.39
4.05
4.14
3.88
3.88
3.48
3.49
3.16
3.08
2.79
2.40
2.25
1.90
1.79
1.38
1.04
0.95
0.65
0.43
0.36
0.20
0.13
0.06
-0.06
-0.22
-0.39
-0.42
-0.31
-0.40
-0.79
-1.03
-1.03
-1.23
-1.39
-1.30
-1.42
-1.42
-1.54
-1.40
-1.78
-1.64
-1.79
-1.72
-1.88
-1.71
-2.16
-1.99
-2.07
-2.04
-2.12
-1.93
-2.50
-2.30
-2.39
-2.20
-2.59
-2.38
-2.58
-2.57
-2.54
-2.53
-2.48
-2.67
-2.44
-3.08
-2.85
-2.95
-2.72
-3.11
-2.91
-3.02
-2.97
-2.99
-2.82
-3.38
-3.03
-3.23
-2.89
-3.58
-2.83
-3.61
-2.73
-3.55
-2.67
-3.51
-2.62
-3.48
-2.58
-3.37
-2.50
-3.37
-2.49
-3.34
-2.45
-3.28
-2.46
-3.30
-2.41
-3.04
-2.70
-3.01
-2.69
-3.01
-2.69
-2.99
-2.68
-2.97
-2.63
-2.91
-2.62
-2.90
-2.59
-2.85
-2.56
-2.82
-2.55
-3.02
-2.41
-2.75
-2.65
-2.72
-2.79
-2.64
-2.83
-2.41
-2.82
-2.34
-2.83
-2.28
-2.85
-2.29
-2.84
-2.28
-2.82
-2.34
-2.80
-2.52
-2.82
-2.36
-2.76
-2.45
-2.73
-2.31
-2.62
-2.32
-2.34
-2.15
-2.12
-1.96
-1.91
-1.74
-1.67
-1.50
-1.41
-1.23
-1.13
-0.97
-0.89
-0.74
-0.52
-0.26
-0.01
0.28
0.60
0.86
1.21
1.48
1.84
2.11
2.45
2.73
2.85
3.29
3.20
3.31
3.20
3.47
3.16
2.90
3.17
2.73
2.26
2.58
2.20
1.80
2.21
-0.73
-0.65
-0.47
-0.18
-0.07
0.08
0.13
0.32
0.38
0.45
0.53
0.57
0.63
0.65
0.70
0.70
0.75
0.76
0.79
0.77
0.80
0.74
0.76
0.77
0.73
0.75
0.69
0.71
0.72
0.67
0.71
0.64
0.77
0.70
0.73
0.71
0.73
0.65
0.80
0.73
0.75
0.69
0.79
0.72
0.77
0.72
0.76
0.69
0.82
0.75
0.77
0.74
0.75
0.69
0.84
0.78
0.79
0.74
0.82
0.74
0.83
0.72
0.88
0.69
0.89
0.68
0.88
0.67
0.88
0.66
0.88
0.66
0.89
0.67
0.88
0.66
0.90
0.67
0.91
0.68
0.90
0.66
0.84
0.74
0.85
0.76
0.88
0.79
0.90
0.81
0.93
0.84
0.95
0.87
1.09
0.88
1.17
0.98
1.14
1.15
1.21
1.24
1.33
1.17
1.39
1.17
1.44
1.33
1.55
1.31
1.66
1.38
1.80
1.47
1.90
1.61
2.06
1.77
2.21
1.92
2.41
2.20
2.56
2.28
2.51
2.53
2.71
2.63
2.81
2.75
2.93
2.90
3.08
3.03
3.21
3.18
3.35
3.14
3.79
3.66
4.31
4.06
4.27
3.91
4.25
3.85
4.19
3.80
4.14
3.87
3.99
3.69
4.04
3.83
3.91
3.72
3.78
3.46
3.54
3.20
3.42
3.11
3.32
2.97
2.92
2.67
2.46
2.32
1.93
1.79
1.59
1.29
0.99
0.95
0.67
0.50
0.49
0.47
0.40
0.27
0.09
-0.14
-0.41
0.13
0.11
0.06
-0.23
-0.31
-0.63
-0.66
-0.88
-1.03
-1.02
-1.16
-1.18
-1.31
-1.24
-1.61
-1.53
-1.63
-1.57
-1.86
-1.75
-1.95
-1.84
-2.11
-1.98
-2.21
-2.16
-2.26
-2.09
-2.54
-2.37
-2.47
-2.48
-2.45
-2.54
-2.35
-2.96
-2.77
-2.87
-2.66
-3.02
-2.84
-2.99
-2.94
-3.01
-2.80
-3.39
-3.17
-3.27
-3.09
-3.37
-3.17
-3.46
-3.16
-3.56
-3.05
-3.82
-2.95
-3.76
-2.89
-3.72
-2.84
-3.69
-2.80
-3.66
-2.76
-3.54
-2.68
-3.55
-2.67
-3.54
-2.63
-3.36
-2.49
-3.38
-2.78
-3.12
-2.79
-3.12
-2.79
-3.09
-2.77
-3.08
-2.77
-3.04
-2.74
-2.99
-2.70
-2.97
-2.56
-3.30
-2.67
-2.98
-2.93
-3.03
-2.80
-3.02
-2.74
-3.04
-2.59
-3.05
-2.50
-3.07
-2.47
-3.08
-2.51
-3.07
-2.51
-3.07
-2.58
-3.05
-2.77
-3.06
-2.59
-3.01
-2.64
-2.80
-2.59
-2.61
-2.41
-2.42
-2.22
-2.21
-2.03
-2.00
-1.86
-1.81
-1.66
-1.61
-1.51
-1.47
-1.36
-1.20
-0.93
-0.80
-0.57
-0.33
-0.04
0.28
0.57
0.93
1.22
1.58
1.84
2.23
2.51
2.72
3.14
3.08
3.42
3.26
3.14
3.59
3.29
3.02
3.38
2.94
2.47
2.75
2.19
1.70
1.80
-0.39
-0.34
-0.02
0.14
0.25
0.36
0.44
0.52
0.57
0.63
0.65
0.71
0.71
0.75
0.78
0.78
0.81
0.76
0.79
0.76
0.79
0.73
0.75
0.75
0.70
0.72
0.69
0.72
0.64
0.80
0.72
0.74
0.71
0.75
0.68
0.81
0.74
0.76
0.71
0.78
0.71
0.81
0.73
0.80
0.74
0.80
0.74
0.81
0.76
0.79
0.74
0.83
0.77
0.82
0.78
0.82
0.76
0.88
0.77
0.89
0.75
0.94
0.73
0.93
0.72
0.93
0.72
0.94
0.72
0.95
0.72
0.96
0.73
0.98
0.74
0.98
0.74
1.01
0.80
1.05
0.87
0.98
0.89
1.02
0.94
1.06
0.97
1.09
1.00
1.13
1.04
1.17
1.08
1.26
1.07
1.44
1.20
1.40
1.42
1.52
1.40
1.61
1.48
1.72
1.51
1.84
1.57
2.00
1.65
2.13
1.82
2.30
2.00
2.49
2.18
2.69
2.53
2.90
2.58
3.15
2.92
3.11
3.03
3.22
3.15
3.33
3.17
3.75
3.74
3.93
3.85
4.02
3.92
4.08
4.09
4.24
4.17
4.46
4.51
4.84
4.72
4.88
4.71
4.77
4.50
4.65
4.46
4.44
4.25
4.31
3.92
3.71
3.45
2.99
2.83
2.41
2.16
1.67
1.52
1.12
0.84
0.77
0.52
0.34
0.30
0.19
0.12
0.09
0.04
-0.06
-0.20
-0.38
-0.24
-0.20
-0.38
-0.52
-0.63
-0.78
-0.87
-1.01
-1.07
-1.19
-1.16
-1.27
-1.29
-1.39
-1.31
-1.52
-1.44
-1.68
-1.61
-1.75
-1.70
-1.87
-1.74
-2.11
-1.98
-2.10
-2.07
-2.17
-2.00
-2.50
-2.34
-2.43
-2.29
-2.62
-2.44
-2.69
-2.59
-2.68
-2.53
-2.96
-2.76
-2.89
-2.79
-2.98
-2.77
-3.25
-3.04
-3.13
-3.03
-3.23
-3.01
-3.48
-3.23
-3.37
-3.16
-3.58
-3.07
-3.81
-2.95
-3.76
-2.89
-3.72
-2.84
-3.69
-2.80
-3.62
-2.74
-3.59
-2.69
-3.52
-2.63
-3.51
-2.67
-3.45
-2.61
-3.40
-2.75
-3.09
-2.76
-3.07
-2.75
-3.07
-2.75
-3.03
-2.73
-3.00
-2.71
-2.95
-2.62
-3.33
-2.68
-3.01
-2.94
-3.08
-2.78
-3.06
-2.76
-3.07
-2.65
-3.08
-2.53
-3.08
-2.52
-3.13
-2.53
-3.13
-2.56
-3.12
-2.56
-3.09
-2.56
-3.06
-2.56
-3.02
-2.55
-2.87
-2.72
-2.75
-2.61
-2.63
-2.49
-2.48
-2.33
-2.31
-2.15
-2.10
-1.94
-1.87
-1.70
-1.61
-1.45
-1.39
-1.29
-1.14
-0.83
-0.64
-0.36
-0.08
0.19
0.46
0.72
1.01
1.24
1.58
1.84
2.19
2.47
2.49
2.88
2.88
3.00
2.88
3.06
2.76
2.51
2.80
2.42
2.08
2.32
1.85
1.57
1.85
2.36
2.73
3.05
-0.04
-0.06
0.14
0.26
0.37
0.42
0.51
0.52
0.58
0.62
0.62
0.66
0.64
0.67
0.67
0.70
0.65
0.75
0.70
0.77
0.71
0.81
0.75
0.80
0.78
0.80
0.73
0.85
0.78
0.81
0.77
0.82
0.74
0.87
0.80
0.82
0.78
0.82
0.75
0.87
0.80
0.82
0.77
0.84
0.77
0.85
0.79
0.85
0.81
0.82
0.75
0.91
0.73
0.90
0.69
0.89
0.67
0.88
0.67
0.88
0.66
0.88
0.66
0.88
0.66
0.86
0.64
0.87
0.64
0.86
0.63
0.88
0.71
0.81
0.72
0.84
0.75
0.86
0.77
0.87
0.78
0.90
0.81
0.92
0.83
0.94
0.80
1.11
0.90
1.04
1.06
1.15
1.04
1.19
1.17
1.27
1.18
1.37
1.16
1.45
1.20
1.54
1.25
1.65
1.36
1.77
1.44
1.89
1.61
2.04
1.84
2.21
1.92
2.40
2.18
2.57
2.31
2.49
2.50
2.68
2.60
2.79
2.73
2.92
2.89
3.07
3.05
3.23
3.22
3.40
3.37
3.54
3.36
3.94
3.91
4.47
4.29
4.68
4.58
4.62
5.06
4.97
4.85
5.25
5.56
5.49
5.09
5.29
5.03
4.97
4.51
4.41
4.02
3.77
3.45
2.83
2.62
2.03
1.59
1.37
0.95
0.59
0.42
0.22
0.08
-0.04
-0.14
-0.19
1.05
0.79
0.25
0.05
-0.17
-0.34
-0.54
-0.68
-0.84
-0.93
-1.08
-1.17
-1.31
-1.35
-1.48
-1.53
-1.66
-1.58
-1.68
-1.71
-1.76
-1.69
-1.78
-1.73
-1.89
-1.75
-2.15
-2.00
-2.11
-2.04
-2.24
-2.07
-2.47
-2.29
-2.44
-2.34
-2.57
-2.37
-2.77
-2.57
-2.75
-2.69
-2.79
-2.58
-3.10
-2.89
-2.98
-2.85
-3.12
-2.89
-3.28
-3.06
-3.27
-3.18
-3.27
-3.04
-3.60
-3.27
-3.43
-3.20
-3.61
-3.10
-3.85
-2.98
-3.79
-2.91
-3.74
-2.85
-3.70
-2.80
-3.61
-2.73
-3.60
-2.72
-3.52
-2.66
-3.53
-2.76
-3.57
-2.72
-3.33
-3.00
-3.30
-2.98
-3.29
-2.97
-3.26
-2.91
-3.20
-2.90
-3.16
-2.87
-3.13
-2.84
-3.08
-2.81
-3.04
-2.78
-3.09
-2.51
-3.13
-2.59
-2.96
-2.93
-3.03
-2.67
-3.02
-2.49
-2.99
-2.48
-3.02
-2.47
-2.98
-2.44
-2.92
-2.42
-2.84
-2.43
-2.83
-2.40
-2.72
-2.46
-2.63
-2.23
-2.46
-2.18
-2.16
-1.94
-1.85
-1.63
-1.52
-1.30
-1.17
-0.97
-0.82
-0.63
-0.47
-0.25
-0.03
0.20
0.45
0.69
0.96
1.22
1.61
1.86
2.22
2.46
2.58
2.94
2.94
2.95
3.30
3.13
2.77
3.15
2.77
2.39
2.67
2.18
1.65
1.87
1.48
1.06
1.42
0.80
0.51
0.17
0.48
0.14
-0.27
-0.06
0.14
1.03
0.31
0.37
0.46
0.54
0.62
0.67
0.72
0.76
-0.06
0.05
0.17
0.27
0.37
0.44
0.52
0.55
0.61
0.62
0.68
0.68
0.77
0.71
0.87
0.77
0.90
0.80
0.94
0.83
0.97
0.85
0.99
0.88
1.00
0.89
1.02
0.90
1.05
0.92
1.06
0.94
1.06
0.94
1.08
0.95
1.11
1.04
0.98
1.04
0.87
1.21
1.22
1.10
1.10
1.36
1.31
1.23
1.33
1.44
1.59
1.46
1.60
1.85
1.79
2.14
1.97
2.39
2.55
2.58
2.96
3.22
3.44
3.83
4.05
4.40
4.96
4.98
5.62
6.35
6.56
7.45
7.61
8.56
8.95
9.94
9.96
11.74
12.67
12.87
13.98
14.04
14.89
13.22
11.85
6.83
6.56
3.51
3.29
0.28
-1.97
-3.18
6.53
9.69
12.88
13.64
12.54
10.33
7.72
5.51
3.88
2.19
1.26
0.42
-0.45
-0.79
-1.45
-1.56
-2.05
-2.00
-2.37
-2.48
-2.65
-2.48
-2.73
-2.72
-2.86
-2.57
-2.77
-2.77
-2.71
-2.82
-2.49
-2.67
-2.65
-2.57
-2.65
-2.31
-2.48
-2.50
-2.30
-2.47
-2.13
-2.29
-2.31
-2.19
-2.34
-2.07
-2.20
-2.38
-2.01
-2.14
-2.42
-2.04
-2.19
-2.32
-2.13
-2.38
-2.01
-2.17
-2.40
-2.30
-3.25
-3.14
-3.50
-3.87
-3.44
-3.99
-4.72
-4.14
-5.55
-5.55
-5.26
-5.83
-5.53
-5.84
-5.57
-5.91
-5.83
-5.42
-5.50
-5.64
-4.96
-5.23
-4.45
-4.11
-3.16
-2.51
-1.44
-0.26
1.22
2.55
2.84
4.45
4.07
5.88
3.25
-0.76
-1.55
-2.31
-2.78
-3.16
-3.44
-3.63
-3.75
-3.81
-3.18
-3.33
-3.50
-3.65
-4.09
-3.96
-4.07
-4.26
-4.62
-4.29
-3.38
-1.88
-0.62
0.06
0.98
1.36
2.03
2.28
2.79
3.04
4.00
4.43
5.27
5.28
5.15
4.66
4.13
3.45
3.04
2.73
2.80
2.84
2.97
3.15
3.49
3.63
4.04
4.38
5.23
6.21
9.29
12.71
12.06
10.23
9.70
-1.82
-19.30
-27.73
-38.11
-47.52
-50.96
-51.80
-48.40
-40.74
-32.75
-24.50
-16.03
-7.38
1.39
4.59
7.03
9.13
1.75
9.67
8.73
7.25
2.57
0.17
-2.52
-4.87
-6.97
-8.88
-10.65
-12.33
-13.95
-15.53
-17.12
-18.72
-20.37
-22.07
-23.84
-25.71
-27.67
-29.75
-31.96
-34.31
-36.81
-39.48
-42.32
-45.35
-48.58
-52.01
-55.67
-59.55
-63.66
-68.50
-80.86
-94.60
-109.82
-126.64
-145.01
-164.93
-186.39
-209.08
-232.88
-257.70
-285.96
-313.92
-323.85
-259.02
-201.60
-150.36
-145.43
-161.49
-176.75
-191.10
-204.42
-216.65
-227.71
-237.56
-246.16
-253.50
-259.56
-264.36
-267.91
-270.24
-271.39
-271.39
-270.31
-268.18
-265.07
-261.03
-256.10
-250.36
-243.84
-236.61
-228.71
-220.18
-211.08
-201.44
-191.31
-180.72
-169.70
-158.30
-146.53
-134.43
-122.03
-109.36
-96.43
-83.28
-69.93
-56.39
-42.70
-28.87
-14.93
-0.90
13.20
27.34
41.50
55.66
69.78
83.84
97.82
111.68
125.39
67.32
6.58
-44.26
-87.25
-123.95
-155.61
-183.18
-207.41
-228.78
-247.98
-265.25
-280.89
-295.12
-308.08
-319.24
-326.04
-331.79
-336.61
-340.59
-343.82
-346.34
-348.21
-349.49
-350.21
-350.41
-350.11
-349.36
-348.18
-346.58
-344.58
-342.22
-339.50
-336.44
-333.06
-329.38
-325.39
-321.13
-316.59
-311.80
-306.76
-301.49
-296.00
-290.29
-284.38
-278.28
-272.00
-265.54
120.20
-41.27
-351.22
-347.32
-211.34
-188.83
-133.29
-77.61
-75.87
-85.02
-92.45
-97.45
-98.65
-98.84
-98.16
-96.73
-94.65
-92.01
-88.90
-85.39
-120.94
-165.40
-82.96
-3.26
-24.19
-43.33
-57.98
-68.83
-76.25
-80.69
-80.71
-72.97
-65.50
-58.34
-51.51
-45.03
-39.38
-37.96
-39.13
-41.28
757.97
1004.80
1255.49
1500.21
1732.25
1860.98
1593.73
127.07
118.01
101.26
87.23
70.46
51.53
32.32
13.47
1.20
-5.63
-8.63
-8.80
-7.18
-4.98
-7.01
-4.19
-3.02
-1.60
0.28
2.55
5.61
9.19
13.14
17.13
15.88
15.64
13.99
12.93
11.56
9.91
8.03
5.98
3.81
1.61
-2.28
-4.40
-7.69
-9.61
-14.08
-15.72
-17.40
-20.86
-18.92
-18.78
-21.30
-23.36
-26.03
-29.61
-32.13
-34.26
-35.82
-36.69
-36.84
-36.43
-35.60
-34.60
-33.55
-32.29
-24.26
-17.68
-12.41
-8.16
-4.71
-2.21
-0.03
1.96
3.83
5.58
7.22
8.77
10.19
11.48
12.65
12.18
11.63
10.99
10.11
8.46
5.92
3.17
0.22
-2.90
-6.12
-9.34
-12.50
-15.48
-18.18
-18.01
-17.45
-16.31
-14.45
-15.25
-13.30
-12.59
-11.43
-11.32
-8.74
-8.75
-6.48
-6.47
-4.27
-3.97
-2.41
-1.85
-0.59
-0.14
0.21
0.15
-0.29
-1.31
-2.67
-3.71
-3.33
-4.62
-3.11
-1.68
1.35
10.40
17.30
35.64
42.87
44.36
1223.26
1033.80
855.26
670.59
478.58
324.20
207.33
123.12
64.93
26.83
3.70
-9.02
-13.68
-12.37
-8.67
-4.40
-0.46
2.81
5.42
7.53
9.38
11.22
12.09
12.45
13.15
11.21
8.40
4.89
0.66
-4.23
-8.63
-14.35
-20.86
-28.91
-30.71
-32.35
-33.77
-34.90
-35.67
-36.02
-35.87
-35.16
-33.84
-31.86
-29.21
-25.88
-21.92
-17.37
-12.25
-6.47
-1.23
3.32
7.05
9.86
11.70
12.53
12.37
11.28
9.35
6.74
3.59
0.12
-3.46
-6.92
-10.04
-9.85
-9.99
-10.28
-10.62
-10.87
-10.98
-10.88
-10.58
-10.08
-10.01
-9.29
-7.97
-6.03
-3.67
-1.11
1.55
4.23
6.47
7.87
8.71
9.00
8.80
8.34
7.53
6.41
5.50
4.52
3.57
2.72
2.03
1.54
1.30
1.34
1.69
2.35
2.81
3.32
6.38
8.25
9.99
11.56
12.95
14.14
15.12
16.09
18.26
17.98
15.35
12.80
10.35
8.00
5.72
3.47
1.18
-1.26
-2.79
-4.61
-4.77
-4.54
-2.34
0.30
3.43
7.05
11.06
15.24
16.17
16.29
15.09
11.95
6.33
-1.77
-10.00
-10.39
-0.91
18.63
19.90
16.47
24.11
18.66
9.54
0.26
-7.35
-12.52
-13.76
-13.07
-11.33
-9.17
-7.33
-5.40
-4.09
-2.58
-1.77
-1.07
-0.62
-0.33
-0.16
-0.05
-0.00
0.02
0.02
0.02
0.01
0.01
0.00
0.01
0.02
0.04
0.06
0.10
0.14
0.20
0.29
0.40
0.35
0.46
0.48
0.56
0.57
0.56
0.54
0.50
0.45
0.39
0.33
0.27
0.22
0.16
0.06
0.01
-0.05
-0.25
-0.24
-1.26
-1.02
-0.71
-1.68
-1.59
-1.52
-2.60
-2.74
-2.96
-3.25
-3.59
-3.89
-3.97
-3.55
-1.81
0.46
3.34
6.09
7.84
8.20
6.50
8.54
4.81
5.67
6.65
7.74
8.94
10.24
12.02
13.80
15.47
16.97
18.22
19.10
19.49
19.17
16.49
12.49
7.46
1.18
-6.58
-16.07
-27.58
-41.46
-66.00
-101.28
-146.66
-205.48
-279.85
-371.62
-481.89
-610.56
-751.85
-882.00
-1008.21
-1118.32
-1195.39
-1217.25
-1156.39
-980.89
-656.88
-153.56
548.45
1444.80
2492.88
3383.80
3593.96
3767.28
3587.03
1694.05
319.41
-576.42
-1070.58
-1227.70
-384.11
-57.27
-30.63
-175.08
-424.96
-733.57
-1067.45
-1402.40
-1720.71
-2008.64
-2259.79
-2470.05
-2669.07
-2839.87
-2976.40
-3038.30
-3064.30
-3056.64
-3017.89
-2950.90
-1430.58
414.36
2084.20
3567.56
4769.36
4358.47
4119.28
3944.56
3803.26
3690.41
3601.58
3532.81
3480.60
3441.81
3260.03
3045.14
2885.22
2762.15
2669.77
2603.14
2557.79
2529.64
2385.56
2248.28
2119.23
2196.86
2073.58
1952.69
1833.76
1716.52
1600.86
1486.79
1374.49
1264.26
1156.51
1051.76
950.62
853.74
939.34
855.81
775.59
699.55
628.42
562.82
503.20
449.83
402.78
361.96
327.08
297.73
273.34
253.28
236.87
152.03
160.22
165.95
108.26
159.02
182.85
197.15
190.75
181.94
169.11
138.45
113.43
108.26
69.34
54.74
41.58
29.64
18.72
17.01
15.94
15.47
15.57
16.31
17.68
10.49
13.04
15.98
13.89
17.60
12.54
8.45
3.74
-0.01
-2.87
-8.92
-26.65
-43.19
-58.57
-26.73
-22.57
-29.62
-35.78
-40.55
-44.59
-47.00
-48.68
-49.01
-48.68
-47.23
-45.23
-42.30
-38.97
-34.87
-30.52
-25.53
-20.45
-14.83
-9.27
-3.24
2.59
8.84
14.75
21.05
26.89
33.08
38.70
44.04
35.45
44.50
35.84
30.99
37.08
28.98
26.20
34.42
26.65
22.05
29.47
22.05
20.17
26.33
19.17
18.84
13.54
20.77
13.90
20.78
14.00
20.87
14.19
9.82
15.94
9.45
16.04
9.61
16.08
9.73
10.41
4.74
11.08
4.88
11.14
4.98
11.17
5.06
11.18
5.11
11.17
5.15
11.14
5.17
6.57
1.13
7.07
1.17
7.08
1.20
7.09
1.22
7.08
1.24
7.07
1.25
7.06
1.25
7.04
1.26
7.02
1.25
7.00
1.25
6.97
1.24
6.94
1.23
5.77
0.09
5.75
0.08
5.73
0.07
5.71
0.06
5.69
0.06
5.67
0.05
5.02
-0.60
5.00
-0.61
4.99
-0.60
4.99
-0.60
4.98
-0.60
4.41
-1.15
-4.51
-8.10
-11.28
-14.12
-16.69
-19.01
-21.14
-23.09
-24.90
-26.58
-28.15
-29.63
-31.02
-32.33
-33.58
-34.77
-35.90
-36.99
-38.04
-39.06
-40.05
-41.02
-41.96
-42.90
-43.82
-44.73
-45.62
-46.50
-47.38
-48.27
-49.17
-50.08
-51.01
-51.98
-52.97
-54.00
-55.08
-56.21
-57.39
-58.63
-59.92
-61.27
-62.69
-64.17
-65.73
-67.36
-69.07
-70.86
-72.73
-74.67
-76.59
-78.43
-80.26
-80.80
-74.84
-69.97
-70.80
-76.23
-81.82
-87.08
-92.52
-97.48
-101.82
-105.70
-109.12
-103.76
-96.63
-89.96
-85.34
-80.66
-75.89
-70.98
-65.91
-81.03
-100.16
-118.19
-134.63
-134.21
-96.18
-113.75
-86.32
-103.55
-112.60
-104.02
-275.31
-340.44
-390.03
-438.52
-485.81
-531.63
-575.61
-617.24
-656.06
-691.64
-703.39
-718.61
-740.04
-765.88
-796.03
-831.56
-871.28
-914.24
-959.79
-1007.49
-1057.08
-1108.41
-1161.44
-1216.17
-1272.65
-1331.82
-1397.90
-1465.12
-1532.59
-1600.39
-1668.60
-1737.29
-1806.53
-1876.36
-1946.85
-2018.00
-2089.86
-2162.41
-2235.66
-2309.59
-2384.15
-2399.52
-2135.22
-1893.35
-1674.56
-1478.56
-1304.48
-1151.05
-1016.75
-899.95
-798.98
-712.21
-638.03
-574.97
-521.61
-476.68
-438.99
-407.48
-369.64
-276.72
-185.44
-96.48
-10.35
72.50
151.73
227.06
298.29
365.28
427.92
486.17
540.04
589.54
634.75
675.75
712.65
745.59
774.68
799.26
820.77
839.44
855.33
868.52
879.12
887.24
893.04
896.65
898.23
897.93
895.91
892.32
887.32
881.05
873.65
865.27
856.02
846.04
829.35
778.58
727.66
677.59
628.48
580.45
533.55
487.84
391.92
294.90
211.54
139.67
77.46
23.40
-23.77
-65.10
-101.48
-133.67
-162.29
-187.88
-210.91
-231.76
-250.77
-268.23
-284.39
-299.46
-313.63
-327.05
-339.87
-352.20
-364.15
-375.81
-387.26
-398.56
-409.78
-420.96
-432.15
-432.59
-372.72
-317.10
-267.44
-223.27
-184.13
-149.58
-119.19
-92.59
-69.40
-49.28
-31.93
-17.05
-4.37
6.34
15.31
22.73
28.81
33.68
37.52
40.45
42.59
44.05
44.92
45.30
45.25
44.85
44.15
43.21
42.08
40.78
39.36
37.86
36.29
34.67
33.04
31.41
29.78
28.18
26.61
25.07
23.58
22.14
20.75
19.41
18.13
16.91
15.74
14.63
13.57
12.57
11.63
10.74
9.89
9.10
8.36
7.66
7.00
6.39
5.82
5.28
4.78
4.32
3.89
3.49
3.12
2.77
2.45
2.16
1.89
1.64
1.41
1.20
1.00
0.83
0.66
0.52
0.38
0.26
0.15
0.05
-0.05
-0.13
-0.20
-0.27
-0.33
-0.38
-0.43
-0.47
-0.51
-0.54
-0.57
-0.60
-0.62
-0.64
-0.66
-0.67
-0.68
-0.69
-0.70
-0.70
-0.71
-0.71
-0.71
-0.71
-0.71
-0.71
-0.71
-0.70
-0.70
-0.70
-0.69
-0.69
-0.68
-0.68
-0.67
-0.67
-0.66
-0.65
-0.65
-0.64
-0.64
-0.63
-0.62
-0.62
-0.61
-0.60
-0.60
-0.59
-0.59
-0.58
-0.57
-0.57
-0.56
-0.56
-0.55
-0.54
-0.54
-0.53
-0.53
-0.52
-0.52
-0.51
-0.51
-0.50
-0.50
-0.49
-0.48
-0.48
-0.47
-0.47
-0.46
-0.46
-0.46
-0.45
-0.45
-0.44
-0.44
-0.43
-0.43
-0.42
-0.42
-0.41
-0.41
-0.41
-0.40
-0.40
-0.39
-0.39
-0.38
-0.38
-0.38
-0.37
-0.37
-0.36
-0.36
-0.36
-0.35
-0.35
-0.35
-0.34
-0.34
-0.33
-0.33
-0.33
-0.32
-0.32
-0.32
-0.31
-0.31
-0.31
-0.30
-0.30
-0.30
-0.29
-0.29
-0.29
-0.28
-0.28
-0.28
-0.27
-0.27
-0.27
-0.27
-0.26
-0.26
-0.26
-0.25
-0.25
-0.25
-0.24
-0.24
-0.24
-0.24
-0.23
-0.23
-0.23
-0.23
-0.22
-0.22
-0.22
-0.22
-0.21
-0.21
-0.21
-0.21
-0.20
-0.20
-0.20
-0.20
-0.19
-0.19
-0.19
-0.19
-0.19
-0.18
-0.18
-0.18
-0.18
-0.18
-0.17
-0.17
-0.17
-0.17
-0.17
-0.16
-0.16
-0.16
-0.16
-0.16
-0.15
-0.15
-0.15
-0.15
-0.15
-0.15
-0.14
-0.14
-0.14
-0.14
-0.14
-0.14
-0.13
-0.13
-0.13
-0.13
-0.13
-0.13
-0.12
-0.12
-0.12
-0.12
-0.12
-0.12
-0.12
-0.11
-0.11
-0.11
-0.11
-0.11
-0.11
-0.11
-0.11
-0.10
-0.10
-0.10
-0.10
-0.10
-0.10
-0.10
-0.10
-0.09
-0.09
-0.09
-0.09
-0.09
-0.09
-0.09
-0.09
-0.09
-0.09
-0.08
-0.08
-0.02
-0.17
-0.31
-0.44
-0.56
-0.65
-0.72
-0.77
-0.61
-0.44
-0.31
-0.21
-0.14
-0.11
-0.10
-0.11
-0.14
-0.19
-0.26
-0.33
-0.42
-0.51
-0.60
-0.70
-0.79
-0.89
-0.98
-1.08
-1.17
-1.25
-1.33
-1.41
-1.48
-1.55
-1.61
-1.67
-1.73
-1.78
-1.82
-1.87
-1.90
-1.94
-1.96
-1.99
-2.01
-2.02
-2.03
-2.04
-2.04
-2.04
-2.04
-2.02
-2.01
-1.99
-1.96
-1.94
-1.91
-1.87
-1.84
-1.80
-1.76
-1.72
-1.67
-1.63
-1.58
-1.54
-1.49
-1.44
-1.39
-1.34
-1.29
-1.25
-1.20
-1.15
-1.09
-1.04
-0.99
-0.94
-0.89
-0.84
-0.79
-0.74
-0.69
-0.64
-0.59
-0.54
-0.49
-0.44
-0.39
-0.34
-0.30
-0.25
-0.20
-0.15
-0.11
-0.06
-0.02
0.02
0.07
0.11
0.15
0.19
0.23
0.27
0.31
0.35
0.39
0.44
0.49
0.55
0.65
0.78
0.99
1.27
1.62
2.05
2.55
3.12
3.76
4.47
5.24
6.08
6.98
7.90
8.89
9.96
11.11
12.34
13.65
15.05
16.52
18.07
19.70
21.41
23.20
25.07
27.02
29.05
31.15
33.34
35.60
37.93
40.35
42.84
45.40
48.04
50.75
53.54
56.40
59.33
62.33
65.40
68.54
71.75
75.02
78.36
81.76
85.22
88.74
92.32
95.96
99.65
103.39
107.18
111.01
114.89
118.81
122.77
126.76
130.77
134.81
138.87
142.94
147.01
151.09
155.16
159.21
163.25
167.25
-19.33
-17.89
-14.87
-9.46
-3.51
0.92
4.05
6.06
7.13
7.47
7.28
6.74
6.04
5.31
4.66
6.71
8.08
8.97
9.41
9.19
8.76
7.70
6.31
4.49
2.29
-0.25
-3.09
-6.18
-9.49
-12.57
-15.42
-18.22
-17.97
-16.81
-14.78
-11.78
-11.17
-6.76
-4.84
-3.72
-3.02
2.17
3.87
5.93
4.99
-15.32
-35.87
-56.11
-68.62
-58.98
-50.59
-43.55
-37.86
-33.50
-30.41
-28.52
-27.74
-27.99
-29.21
-31.31
-34.22
-37.89
-42.25
-47.25
-52.02
-49.97
-48.12
-46.37
-44.62
-42.80
-41.03
-38.99
-35.52
-21.25
21.18
59.35
59.97
56.30
51.95
28.96
9.17
2.36
-2.18
-5.26
-7.24
-8.34
-6.72
0.89
6.09
7.39
3.16
1.94
0.92
0.05
-0.69
-1.32
-1.87
-2.34
-2.75
-3.12
-3.45
-3.97
-3.96
-3.68
-3.31
-2.84
-2.09
-1.00
0.14
1.35
2.19
2.62
2.96
3.25
3.50
3.80
4.11
4.42
4.73
5.03
5.33
5.62
5.87
3.83
5.39
6.78
4.94
6.69
5.48
7.26
6.40
7.60
9.57
9.16
8.79
8.39
7.34
6.02
5.29
4.55
3.82
3.09
2.04
0.77
-0.43
-1.11
-1.22
-0.72
0.37
1.62
2.76
3.79
4.03
4.00
1.39
-1.91
-2.42
-2.42
-5.14
-4.46
-6.82
-6.34
-8.63
-10.27
-11.71
-12.71
-12.80
-11.75
-10.15
-8.50
-6.86
-5.29
-3.82
-2.99
-2.40
-1.33
-0.22
1.27
2.48
3.60
4.18
5.29
5.43
6.32
5.99
6.31
5.48
5.79
5.23
5.09
5.18
-3.29
-2.59
-1.84
-1.05
-0.23
0.61
1.46
2.32
3.18
3.88
4.40
4.76
4.93
4.89
4.60
4.20
4.60
4.72
4.74
4.77
4.68
4.52
4.34
4.01
3.73
3.05
2.89
2.08
1.84
1.62
0.88
0.78
0.77
1.45
1.91
2.43
2.50
2.62
2.47
0.14
-1.95
-2.50
-1.76
-1.17
-0.65
-0.22
0.17
0.06
0.15
-0.17
-0.39
-1.38
-2.65
-4.06
-5.68
-7.24
-7.65
-8.05
-8.41
-8.69
-8.22
-7.34
-6.11
-4.43
-4.15
-3.72
-3.15
-2.48
-1.74
-0.96
-0.19
0.55
1.22
1.80
2.27
2.65
3.01
3.29
3.51
3.73
3.77
3.82
3.74
3.56
3.31
3.06
2.81
2.63
2.40
2.28
2.07
1.90
1.74
1.59
1.43
1.33
1.18
0.99
0.81
0.61
0.43
0.33
0.23
0.21
0.19
0.15
0.17
0.21
0.17
0.40
0.58
0.67
0.81
1.06
1.17
1.69
1.89
2.29
2.80
3.30
4.04
4.48
5.63
6.16
6.47
5.92
5.15
4.33
3.48
2.75
1.87
1.02
0.23
-1.07
-1.11
-0.89
-1.30
-0.54
-1.61
-0.91
-2.02
-1.36
-2.48
-1.86
-2.99
-2.38
-3.51
-3.16
-4.25
-3.92
-4.95
-4.79
-5.59
-5.01
-5.57
-4.74
-5.30
-4.50
-4.64
-3.94
-4.29
-3.67
-3.91
-3.38
-3.51
-3.04
-3.08
-2.67
-2.63
-2.27
-2.18
-1.86
-1.73
-1.45
-1.32
-1.12
-0.98
-0.79
-0.68
-0.56
-0.51
-0.48
-0.51
-0.52
-0.57
-0.65
-0.70
-0.78
-0.89
-0.94
-0.96
-1.03
-1.08
-1.06
-1.01
-0.97
-0.79
-0.70
-0.39
-0.50
-0.32
-0.52
-0.33
-0.54
-0.34
-0.52
-0.31
-0.50
-0.29
-0.48
-0.26
-0.47
-0.31
-0.49
-0.31
-0.51
-0.32
-0.53
-0.33
-0.54
-0.34
-0.56
-0.35
-0.58
-0.36
-0.60
-0.37
-0.61
-0.38
-0.63
-0.39
-0.65
-0.43
-0.65
-0.43
-0.72
-0.48
-0.74
-0.47
-0.75
-0.48
-0.76
-0.49
-0.77
-0.49
-0.78
-0.50
-0.79
-0.50
-0.79
-0.51
-0.80
-0.51
-0.80
-0.51
-0.80
-0.51
-0.81
-0.51
-0.81
-0.52
-0.81
-0.51
-0.81
-0.51
-0.80
-0.51
-0.80
-0.51
-0.79
-0.51
-0.69
-0.78
-0.66
-0.74
-0.68
-0.66
-0.67
-0.62
-0.71
-0.54
-0.71
-0.58
-0.74
-0.49
-0.89
-0.48
-0.90
-0.44
-0.87
-0.40
-0.86
-0.39
-0.86
-0.37
-0.80
-0.34
-0.73
-0.30
-0.65
-0.26
-0.56
-0.23
-0.47
-0.20
-0.38
-0.16
-0.29
-0.11
-0.19
-0.06
-0.08
-0.01
0.03
0.04
0.15
0.10
0.27
0.16
0.38
0.23
0.48
0.30
0.58
0.36
0.68
0.43
0.78
0.48
0.88
0.53
1.00
0.59
1.07
0.59
1.24
0.71
1.23
0.63
1.43
0.76
1.54
0.77
1.64
0.94
2.05
1.14
2.08
1.75
3.30
2.26
3.16
2.46
4.23
4.72
7.82
10.85
8.15
5.21
4.53
7.80
9.16
10.59
12.07
13.59
15.15
16.73
18.32
19.92
21.52
23.11
24.70
26.28
27.87
29.46
31.05
32.67
34.32
36.00
37.73
39.52
41.37
43.28
45.28
47.36
49.51
51.75
54.06
56.43
58.85
61.28
66.92
88.31
110.08
132.69
156.47
181.65
208.39
236.78
266.85
298.60
331.96
366.88
403.25
440.96
479.90
519.95
560.99
625.12
693.71
766.27
842.04
919.84
964.59
955.59
939.64
916.35
885.52
847.21
801.68
749.46
718.50
839.41
932.90
989.74
1008.36
987.78
809.30
575.04
345.05
123.27
-85.96
-241.79
-399.98
-566.15
-729.30
-770.33
-668.70
-577.91
-501.45
-374.21
-258.28
-188.49
-130.40
-83.83
-47.92
-21.45
-3.09
8.55
15.20
18.24
18.54
16.87
13.81
9.44
4.07
-2.71
-10.46
-19.16
-28.89
-39.36
-50.31
-61.54
-72.86
-84.13
-95.25
-106.10
-116.62
-126.75
-136.45
-145.68
-154.41
-162.64
-170.34
-177.52
-184.19
-190.78
-199.02
-214.56
-229.44
-126.08
-163.05
-239.51
-116.41
-176.30
-231.61
-107.12
-164.70
-222.24
-103.90
-163.43
-48.92
-109.96
-170.84
-59.01
-121.07
-182.86
-73.04
-136.02
-27.60
-91.94
-156.25
-48.23
-113.57
-178.57
-70.98
-141.83
-34.65
-84.37
-57.48
-34.70
-15.68
0.25
13.60
24.78
34.13
41.95
48.48
53.92
58.31
61.71
64.31
60.98
63.10
64.66
65.76
60.96
62.09
62.81
63.06
57.54
55.00
55.18
54.93
52.90
43.64
42.30
42.12
41.49
40.43
32.23
24.13
23.98
23.35
22.25
16.50
4.25
-58.18
-130.68
-202.86
-84.41
-120.12
-98.90
-79.41
-64.82
-60.57
-53.34
-58.86
-136.20
-150.89
-77.40
-62.31
-52.33
-44.87
-40.07
-47.98
-124.28
-43.37
-35.14
-44.49
-78.52
-68.23
-113.27
-77.57
-67.00
-59.02
-104.42
-104.91
-49.78
-42.26
-36.75
-45.87
-120.06
-58.96
-51.61
-44.17
-35.38
-82.53
-111.34
-52.64
-60.42
-86.39
-55.87
-51.33
-91.52
-14.70
-51.88
-70.84
-57.52
-99.68
-30.93
-61.38
-89.67
-37.07
-35.89
-43.69
-110.30
-44.44
-77.17
-65.88
-93.30
-13.47
-85.89
-54.20
-90.37
-47.21
-125.89
-75.90
-24.91
-95.00
-40.70
-83.24
-27.25
-91.56
-34.26
23.12
-39.48
18.91
-42.82
16.32
-45.00
14.76
-46.62
13.71
-47.76
13.09
-48.48
12.87
-48.81
12.98
-48.80
13.38
-48.50
14.03
-47.95
14.88
-47.19
15.88
-46.26
17.01
-45.21
18.21
-44.07
19.45
-42.89
20.71
-41.68
21.95
-40.49
23.23
24.26
37.26
47.99
56.13
62.08
66.18
68.70
69.86
69.83
68.48
65.01
49.91
-16.83
59.89
-14.72
64.56
-8.27
-20.10
-5.36
-6.22
-7.05
-8.35
-10.23
-12.73
-15.93
-18.73
7.27
-0.95
-56.71
29.35
-35.61
9.20
-55.15
-20.36
-19.53
-17.59
-18.09
-7.50
-40.98
-1.03
-63.72
-33.96
-11.11
27.73
-34.64
15.75
-46.34
5.39
-56.46
-3.54
2.79
-58.87
-5.18
47.14
-14.67
38.82
-22.97
31.64
-30.16
26.43
-35.47
4.53
-6.77
9.68
-0.73
-9.01
1.89
-4.22
-0.39
-6.43
4.73
-2.46
3.23
-3.93
8.16
0.00
1.13
-1.70
3.97
-3.94
13.60
4.30
-4.36
18.01
7.88
-1.21
-9.37
38.68
-23.54
33.64
-28.69
49.72
-12.44
38.11
-24.11
27.70
-34.50
-10.94
3.82
-2.89
-8.43
4.15
-2.21
-7.58
9.42
3.29
-2.28
-7.43
10.91
5.11
-0.27
-5.40
-0.43
-6.38
13.27
3.83
-5.10
31.57
-30.63
27.92
-34.39
-7.55
-5.18
-9.42
9.86
1.25
-6.53
14.13
-29.33
-5.68
29.75
-32.84
21.16
-41.38
32.58
-3.24
-9.97
9.02
0.10
-7.88
12.74
2.57
-15.48
67.86
5.51
-45.78
-23.20
-5.04
-5.12
-3.99
-4.19
-3.25
-3.45
-2.75
-2.88
-2.42
-2.46
-2.18
-2.16
-1.98
-1.94
-1.83
-1.78
-1.69
-1.64
-1.58
-1.53
-1.48
-1.44
-1.39
-1.36
-1.32
-1.28
-1.25
-1.22
-1.19
-1.16
-1.13
-1.10
-1.08
-1.05
-1.03
-1.00
-0.98
-0.96
-0.93
-0.91
-0.89
-0.87
-0.85
-0.83
-0.81
-0.79
-0.77
-0.75
-0.73
-0.72
-0.70
-0.68
-0.67
-0.65
-0.63
-0.62
-0.60
-0.59
-0.57
-0.56
-0.54
-0.53
-0.52
-0.50
-0.49
-0.48
-0.47
-0.46
-0.44
-0.43
-0.42
-0.41
-0.40
-0.39
-0.38
-0.37
-0.36
-0.35
-0.34
-0.33
-0.32
-0.32
-0.31
-0.30
-0.29
-0.29
-0.28
-0.27
-0.26
-0.26
-0.25
-0.24
-0.24
-0.23
-0.23
-0.22
-0.21
-0.21
-0.20
-0.20
-0.19
-0.19
-0.18
-0.18
-0.17
-0.17
-0.17
-0.16
-0.16
-0.15
-0.15
-0.15
-0.14
-0.14
-0.13
-0.13
-0.13
-0.12
-0.12
-0.12
-0.12
-0.11
-0.11
-0.11
-0.10
-0.10
-0.10
-0.10
-0.09
-0.09
-0.09
-0.09
-0.08
-0.08
-0.08
-0.08
-0.08
-0.07
-0.07
-0.07
-0.07
-0.07
-0.07
-0.06
-0.06
-0.06
-0.06
-0.06
-0.06
-0.05
-0.05
-0.05
-0.05
-0.05
-0.05
-0.05
-0.05
-0.04
-0.04
-0.04
-0.04
-0.04
-0.04
-0.04
-0.04
-0.04
-0.04
-0.03
-0.03
-0.03
-0.03
-0.03
-0.03
-0.03
-0.03
-0.03
-0.03
-0.03
-0.03
-0.03
-0.03
-0.02
-0.02
-0.02
-0.02
-0.02
-0.02
-0.02
-0.02
-0.02
-0.02
-0.02
-0.02
-0.02
-0.02
-0.02
-0.02
-0.02
-0.02
-0.02
-0.02
-0.01
-0.01
-0.01
-0.01
-0.01
-0.01
-0.01
-0.01
-0.01
-0.01
-0.01
-0.01
-0.01
-0.01
-0.01
-0.01
-0.01
-0.01
-0.01
-0.01
-0.01
-0.01
-0.01
-0.01
-0.01
-0.01
-0.01
-0.01
-0.01
-0.01
-0.01
-0.01
-0.01
-0.01
-0.01
-0.01
-0.01
-0.01
-0.01
-0.01
-0.01
-0.01
-0.01
-0.00
-0.00
-0.00
-0.00
-0.00
-0.00
-0.00
-0.00
-0.00
-0.00
-0.00
-0.00
-0.00
-0.00
-0.00
-0.00
-0.00
-0.00
-0.00
-0.00
-0.00
-0.00
-0.00
-0.00
-0.00
-0.00
-0.00
-0.00
-0.00
-0.00
-0.00
-0.00
-0.00
-0.00
-0.00
-0.00
-0.00
-0.00
-0.00
-0.00
-0.00
-0.00
-0.00
-0.00
-0.00
-0.00
-0.00
-0.00
-0.00
-0.00
-0.00
-0.00
-0.00
-0.00
-0.00
-0.00
-0.00
-0.00
-0.00
-0.00
-0.00
-0.00
-0.00
-0.00
-0.00
-0.00
-0.00
-0.00
-0.00
-0.00
-0.00
-0.00
-0.00
-0.00
-0.00
-0.00
-0.00
-0.00
-0.00
-0.00
-0.00
-0.00
-0.00
-0.00
-0.00
-0.00
-0.00
-0.00
-0.00
-0.00
-0.00
-0.00
-0.00
-0.00
-0.00
-0.00
-0.00
-0.00
-0.00
-0.00
-0.00
-0.00
-0.00
-0.00
-0.00
-0.00
-0.00
-0.00
-0.00
-0.00
-0.00
-0.00
-0.00
-0.00
-0.00
-0.00
-0.00
-0.00
-0.00
-0.00
-0.00
-0.00
-0.00
-0.00
-0.00
-0.00
-0.00
-0.00
-0.00
-0.00
-0.00
-0.00
-0.00
-0.00
-0.00
-0.00
-0.00
-0.00
-0.00
-0.00
-0.00
-0.00
-0.00
-0.00
-0.00
-0.00
-0.00
-0.00
-0.00
-0.00
-0.00
-0.00
-0.00
-0.00
-0.00
-0.00
-0.00
-0.00
-0.00
-0.00
-0.00
-0.00
-0.00
-0.00
-0.00
-0.00
-0.00
-0.00
-0.00
-0.00
-0.00
-0.00
-0.00
-0.00
-0.00
-0.00
-0.00
-0.00
-0.00
-0.00
-0.39
-0.11
-0.29
-0.15
-0.24
-0.17
-0.20
-0.17
-0.18
-0.16
-0.17
-0.15
-0.15
-0.15
-0.14
-0.14
-0.13
-0.13
-0.12
-0.12
-0.12
-0.11
-0.11
-0.11
-0.10
-0.10
-0.10
-0.09
-0.09
-0.09
-0.08
-0.08
-0.08
-0.08
-0.07
-0.07
-0.07
-0.07
-0.06
-0.06
-0.06
-0.06
-0.06
-0.06
-0.05
-0.05
-0.05
-0.05
-0.05
-0.05
-0.04
-0.04
-0.04
-0.04
-0.04
-0.04
-0.04
-0.04
-0.04
-0.03
-0.03
-0.03
-0.03
-0.03
-0.03
-0.03
-0.03
-0.03
-0.03
-0.03
-0.02
-0.02
-0.02
-0.02
-0.02
-0.02
-0.02
-0.02
-0.02
-0.02
-0.02
-0.02
-0.02
-0.02
-0.02
-0.02
-0.02
-0.02
-0.02
-0.01
-0.01
-0.01
-0.01
-0.01
-0.01
-0.01
-0.01
-0.01
-0.01
-0.01
-0.01
-0.01
-0.01
-0.01
-0.01
-0.01
-0.01
-0.01
-0.01
-0.01
-0.01
-0.01
-0.01
-0.01
-0.01
-0.01
-0.01
-0.01
-0.01
-0.01
-0.01
-0.01
-0.01
-0.01
-0.01
-0.01
-0.01
-0.01
-0.01
-0.01
-0.00
-0.00
-0.00
-0.00
-0.00
-0.00
-0.00
-0.00
-0.00
-0.00
-0.00
-0.00
-0.00
-0.00
-0.00
-0.00
-0.00
-0.00
-0.00
-0.00
-0.00
-0.00
-0.00
-0.00
-0.00
-0.00
-0.00
-0.00
-0.00
-0.00
-0.00
-0.00
-0.00
-0.00
-0.00
-0.00
-0.00
-0.00
-0.00
-0.00
-0.00
-0.00
-0.00
-0.00
-0.00
-0.00
-0.00
-0.00
-0.00
-0.00
-0.00
-0.00
-0.00
-0.00
-0.00
-0.00
-0.00
-0.00
-0.00
-0.00
-0.00
-0.00
-0.00
-0.00
-0.00
-0.00
-0.00
-0.00
-0.00
-0.00
-0.00
-0.00
-0.00
-0.00
-0.00
-0.00
-0.00
-0.00
-0.00
-0.00
-0.00
-0.00
-0.00
-0.00
-0.00
-0.00
-0.00
-0.00
-0.00
-0.00
-0.00
-0.00
-0.00
-0.00
-0.00
-0.00
-0.00
-0.00
-0.00
-0.00
-0.00
-0.00
-0.00
-0.00
-0.00
-0.00
-0.00
-0.00
-0.00
-0.00
-0.00
-0.00
-0.00
-0.00
-0.00
-0.00
-0.00
-0.00
-0.00
-0.00
-0.00
-0.00
-0.00
-0.00
-0.00
-0.00
-0.00
-0.00
-0.00
-0.00
-0.00
-0.00
-0.00
-0.00
-0.00
-0.00
-0.00
-0.00
-0.00
-0.00
-0.00
-0.00
-0.00
-0.00
-0.00
-0.00
-0.00
-0.00
-0.00
-0.00
-0.00
-0.00
-0.00
-0.00
-0.00
-0.00
-0.00
-0.00
-0.00
-0.00
-0.00
-0.00
-0.00
-0.00
-0.00
-0.00
-0.00
-0.00
-0.00
-0.00
-0.00
-0.00
-0.00
-0.00
-0.00
-0.00
-0.00
-0.00
-0.00
-0.00
-0.00
-0.00
-0.00
-0.00
-0.00
-0.00
-0.00
-0.00
-0.00
-0.00
-0.00
-0.00
-0.00
-0.00
-0.00
-0.00
-0.00
-0.00
-0.00
-0.00
-0.00
-0.00
-0.00
-0.00
-0.00
-0.00
-0.00
-0.00
-0.00
-0.00
-0.00
-0.00
-0.00
-0.00
-0.00
-0.00
-0.00
-0.00
-0.00
-0.00
-0.00
-0.00
-0.00
-0.00
-0.00
-0.00
-0.00
-0.00
-0.00
-0.00
-0.00
-0.00
-0.00
-0.00
-0.00
-0.00
-0.00
-0.00
-0.00
-0.00
-0.00
-0.00
-0.00
-0.00
-0.00
-0.00
-0.00
-0.00
-0.00
-0.00
-0.00
-0.00
-0.00
-0.00
-0.00
-0.00
-0.00
-0.00
-0.00
-0.00
-0.00
-0.00
-0.00
-0.00
-0.00
-0.00
-0.00
-0.00
-0.00
-0.00
-0.00
-0.00
-0.00
-0.00
-0.00
-0.00
-0.00
-0.00
-0.00
-0.00
-0.00
-0.00
-0.00
-0.00
-0.00
-0.00
-0.00
-0.00
-0.00
-0.00
-0.00
-0.00
-0.00
-0.00
-0.00
-0.00
-0.00
-0.00
-0.00
-0.00
-0.00
-0.00
-0.00
-0.00
-0.00
-0.00
-0.00
-0.00
-0.00
-0.00
-0.00
-0.00
-0.00
-0.00
-0.00
-0.00
-0.00
-0.00
-0.00
-0.00
-0.00
-0.00
-0.00
-0.00
-0.00
-0.00
-0.00
-0.00
-0.00
-0.00
-0.00
-0.00
-0.00
-0.00
-0.00
-0.00
-0.00
-0.00
-0.00
-0.00
-0.00
-0.00
-0.00
-0.00
-0.00
-0.00
-0.00
-0.00
-0.00
-0.00
-0.00
-0.00
-0.00
-0.00
-0.00
-0.00
-0.00
-0.00
-0.00
-0.00
-0.00
-0.00
-0.00
-0.00
-0.00
-0.00
-0.00
-0.00
-0.00
-0.00
-0.00
-0.00
-0.00
-0.00
-0.00
-0.00
-0.00
-0.00
-0.00
-0.00
-0.00
-0.00
-0.00
-0.00
-0.00
-0.00
-0.00
-0.00
-0.00
-0.00
-0.00
-0.00
-0.00
-0.00
-0.00
-0.00
-0.00
-0.00
-0.00
-0.00
-0.00
-0.00
-0.00
-0.00
-0.00
-0.00
-0.00
-0.00
-0.00
-0.00
-0.00
-0.00
-0.00
-0.00
-0.00
-0.00
-0.00
-0.00
-0.00
-0.00
-0.00
-0.00
-0.00
-0.00
-0.00
-0.00
-0.00
-0.00
-0.00
-0.00
-0.00
-0.00
-0.00
-0.00
-0.00
-0.00
-0.00
-0.00
-0.00
-0.00
-0.00
-0.00
-0.00
-0.00
-0.00
-0.00
-0.00
-0.00
-0.00
-0.00
-0.00
-0.00
-0.00
-0.00
-0.00
-0.00
-0.00
-0.00
-0.00
-0.00
-0.00
-0.00
-0.00
-0.00
-0.00
-0.00
-0.00
-0.00
-0.00
-0.00
-0.00
-0.00
-0.00
-0.00
-0.00
-0.00
-0.00
-0.00
-0.00
-0.00
-0.00
-0.00
-0.00
-0.00
-0.00
-0.00
-0.00
-0.00
-0.00
-0.00
-0.00
-0.00
-0.00
-0.00
-0.00
-0.00
-0.00
-0.00
-0.00
-0.00
-0.00
-0.00
-0.00
-0.00
-0.00
-0.00
-0.00
-0.00
-0.00
-0.00
-0.00
-0.00
-0.00
-0.00
-0.00
-0.00
-0.00
-0.00
-0.00
-0.00
-0.00
-0.00
-0.00
-0.00
-0.00
-0.00
-0.00
-0.00
-0.00
-0.00
-0.00
-0.00
-0.00
-0.00
-0.00
-0.00
-0.00
-0.00
-0.00
-0.00
-0.00
-0.00
-0.00
-0.00
-0.00
-0.00
-0.00
-0.00
-0.00
-0.00
-0.00
-0.00
-0.00
-0.00
-0.00
-0.00
-0.00
-0.00
-0.00
-0.00
-0.00
-0.00
-0.00
-0.00
-0.00
-0.00
-0.00
-0.00
-0.00
-0.00
-0.00
-0.00
-0.00
-0.00
-0.00
-0.00
-0.00
-0.00
-0.00
-0.00
-0.00
-0.00
-0.00
-0.00
-0.00
-0.00
-0.00
-0.00
-0.00
-0.00
-0.00
-0.00
-0.00
-0.00
-0.00
-0.00
-0.00
-0.00
-0.00
-0.00
-0.00
-0.00
-0.00
-0.00
-0.00
-0.00
-0.00
-0.00
-0.00
-0.00
-0.00
-0.00
-0.00
-0.00
-0.00
-0.00
-0.00
-0.00
-0.00
-0.00
-0.00
-0.00
-0.00
-0.00
-0.00
-0.00
-0.00
-0.00
-0.00
-0.00
-0.00
-0.00
-0.00
-0.00
-0.00
-0.00
-0.00
-0.00
-0.00
-0.00
-0.00
-0.00
-0.00
-0.00
-0.00
-0.00
-0.00
-0.00
-0.00
-0.00
-0.00
-0.00
-0.00
-0.00
-0.00
-0.00
-0.00
-0.00
-0.00
-0.00
-0.00
-0.00
-0.00
-0.00
-0.00
-0.00
-0.00
-0.00
-0.00
-0.00
-0.00
-0.00
-0.00
-0.00
-0.00
-0.00
-0.00
-0.00
-0.00
-0.00
-0.00
-0.00
-0.00
-0.00
-0.00
-0.00
-0.00
-0.00
-0.00
-0.00
-0.00
-0.00
-0.00
-0.00
-0.00
-0.00
-0.00
-0.00
-0.00
-0.00
-0.00
-0.00
-0.00
-0.00
-0.00
-0.00
-0.00
-0.00
-0.00
-0.00
-0.00
-0.00
-0.00
-0.00
-0.00
-0.00
-0.00
-0.00
-0.00
-0.00
-0.00
-0.00
-0.00
-0.00
-0.00
-0.00
-0.00
-0.00
-0.00
-0.00
-0.00
-0.00
-0.00
-0.00
-0.00
-0.00
-0.00
-0.00
-0.00
-0.00
-0.00
-0.00
-0.00
-0.00
-0.00
-0.00
-0.00
-0.00
-0.00
-0.00
-0.00
-0.00
-0.00
-0.00
-0.00
-0.00
-0.00
-0.00
-0.00
-0.00
-0.00
-0.00
-0.00
-0.00
-0.00
-0.00
-0.00
-0.00
-0.00
-0.00
-0.00
-0.00
-0.00
-0.00
-0.00
-0.00
-0.00
-0.00
-0.00
-0.00
-0.00
-0.00
-0.00
-0.00
-0.00
-0.00
-0.00
-0.00
-0.00
-0.00
-0.00
-0.00
-0.00
-0.00
-0.00
-0.00
-0.00
-0.00
-0.00
-0.00
-0.00
-0.00
-0.00
-0.00
-0.00
-0.00
-0.00
-0.00
-0.00
-0.00
-0.00
-0.00
-0.00
-0.00
-0.00
-0.00
-0.00
-0.00
-0.00
-0.00
-0.00
-0.00
-0.00
-0.00
-0.00
-0.00
-0.00
-0.00
-0.00
-0.00
-0.00
0.00
0.00
0.00
0.00
-0.00
0.00
0.00
0.00
0.00
0.00
0.00
0.00
0.00
0.00
0.00
0.00
0.00
0.00
-0.00
0.00
0.00
0.00
0.00
0.00
-0.00
0.00
0.00
0.00
0.00
0.00
-0.00
0.00
0.00
0.00
0.00
0.00
-0.00
0.00
0.00
0.00
0.00
0.00
-0.00
0.00
0.00
0.00
0.00
0.00
-0.00
0.00
0.00
0.00
0.00
0.00
-0.00
0.00
0.00
0.00
0.00
0.00
-0.00
0.00
0.00
0.00
0.00
0.00
-0.00
0.00
0.00
0.00
0.00
0.00
-0.00
0.00
0.00
0.00
0.00
0.00
-0.00
0.00
0.00
0.00
0.00
0.00
-0.00
0.00
0.00
0.00
0.00
0.00
-0.00
0.00
0.00
0.00
0.00
0.00
-0.00
0.00
0.00
0.00
0.00
0.00
-0.00
0.00
0.00
0.00
0.00
0.00
-0.00
0.00
0.00
0.00
0.00
0.00
-0.00
0.00
0.00
0.00
0.00
0.00
-0.00
0.00
0.00
0.00
0.00
0.00
-0.00
0.00
0.00
0.00
0.00
0.00
-0.00
0.00
0.00
0.00
0.00
0.00
-0.00
0.00
0.00
0.00
0.00
0.00
-0.00
0.00
0.00
0.00
0.00
0.00
-0.00
0.00
0.00
0.00
0.00
0.00
-0.00
0.00
0.00
0.00
0.00
0.00
-0.00
0.00
0.00
0.00
0.00
0.00
-0.00
0.00
0.00
0.00
0.00
0.00
-0.00
0.00
0.00
0.00
0.00
0.00
-0.00
0.00
0.00
0.00
0.00
0.00
-0.00
0.00
0.00
0.00
0.00
0.00
-0.00
0.00
0.00
0.00
0.00
0.00
-0.00
0.00
0.00
0.00
0.00
0.00
-0.00
0.00
0.00
0.00
0.00
0.00
-0.00
0.00
0.00
0.00
0.00
0.00
-0.00
0.00
0.00
0.00
0.00
0.00
-0.00
0.00
0.00
0.00
0.00
0.00
-0.00
0.00
0.00
0.00
0.00
0.00
-0.00
0.00
0.00
0.00
0.00
0.00
-0.00
0.00
0.00
0.00
0.00
0.00
-0.00
0.00
0.00
0.00
0.00
0.00
-0.00
0.00
0.00
0.00
0.00
0.00
-0.00
0.00
0.00
0.00
0.00
0.00
-0.00
0.00
0.00
0.00
0.00
0.00
-0.00
0.00
0.00
0.00
0.00
0.00
-0.00
0.00
0.00
0.00
0.00
0.00
-0.00
0.00
0.00
0.00
0.00
0.00
-0.00
0.00
0.00
0.00
0.00
0.00
-0.00
0.00
0.00
0.00
0.00
0.00
-0.00
0.00
0.00
0.00
0.00
0.00
-0.00
0.00
0.00
0.00
0.00
0.00
-0.00
0.00
0.00
0.00
0.00
0.00
-0.00
0.00
0.00
0.00
0.00
0.00
-0.00
0.00
0.00
0.00
0.00
0.00
-0.00
0.00
0.00
0.00
0.00
0.00
-0.00
0.00
0.00
0.00
0.00
0.00
-0.00
0.00
0.00
0.00
0.00
0.00
-0.00
0.00
0.00
0.00
0.00
0.00
-0.00
0.00
0.00
0.00
0.00
0.00
-0.00
0.00
0.00
0.00
0.00
0.00
-0.00
0.00
0.00
0.00
0.00
0.00
-0.00
0.00
0.00
0.00
0.00
0.00
-0.00
0.00
0.00
0.00
0.00
0.00
-0.00
0.00
0.00
0.00
0.00
0.00
-0.00
0.00
0.00
0.00
0.00
0.00
-0.00
0.00
0.00
0.00
0.00
0.00
-0.00
0.00
0.00
0.00
0.00
0.00
-0.00
0.00
0.00
0.00
0.00
0.00
-0.00
0.00
0.00
0.00
0.00
0.00
-0.00
0.00
0.00
0.00
0.00
0.00
-0.00
0.00
0.00
0.00
0.00
0.00
-0.00
0.00
0.00
0.00
0.00
0.00
-0.00
0.00
0.00
0.00
0.00
0.00
-0.00
0.00
0.00
0.00
0.00
0.00
-0.00
0.00
0.00
0.00
0.00
0.00
-0.00
0.00
0.00
0.00
0.00
0.00
-0.00
0.00
0.00
0.00
0.00
0.00
-0.00
0.00
0.00
0.00
0.00
0.00
-0.00
0.00
0.00
0.00
0.00
0.00
-0.00
0.00
0.00
0.00
0.00
0.00
