0.85
0.85
0.86
0.86
0.86
0.86
0.86
0.86
0.87
0.87
0.87
0.88
0.88
0.88
0.89
0.89
0.90
0.90
0.90
0.91
0.91
0.92
0.92
0.93
0.94
0.94
0.95
0.96
0.96
0.97
0.97
0.97
0.97
0.97
0.97
0.97
0.98
0.98
0.98
0.98
0.98
0.98
0.98
0.98
0.98
0.98
0.98
0.98
0.98
0.98
0.98
0.98
0.98
0.98
0.98
0.98
0.98
0.98
0.98
0.98
0.98
0.98
0.98
0.98
0.98
0.98
0.98
0.98
0.98
0.98
0.98
0.98
0.98
0.98
0.98
0.98
0.98
0.98
0.98
0.97
0.97
0.97
0.97
0.97
0.97
0.97
0.96
0.96
0.96
0.96
0.96
0.96
0.96
0.96
0.95
0.95
0.95
0.95
0.95
0.95
0.95
0.94
0.94
0.94
0.94
0.94
0.94
0.94
0.94
0.94
0.94
0.94
0.94
0.94
0.94
0.94
0.94
0.94
0.95
0.95
0.95
0.95
0.95
0.95
0.95
0.96
0.96
0.96
0.96
0.96
0.96
0.97
0.97
0.97
0.97
0.97
0.97
0.97
0.97
0.98
0.98
0.98
0.98
0.98
0.98
0.98
0.98
0.99
0.99
0.99
0.99
0.99
0.99
0.99
0.99
1.00
1.00
1.00
1.00
1.00
1.00
1.00
1.00
1.01
1.01
1.01
1.01
1.01
1.01
1.01
1.02
1.02
1.02
1.02
1.02
1.02
1.02
1.02
1.03
1.03
1.03
1.03
1.03
1.03
1.03
1.03
1.04
1.04
1.04
1.04
1.04
1.04
1.04
1.05
1.05
1.05
1.05
1.05
1.05
1.05
1.05
1.06
1.06
1.06
1.06
1.06
1.06
1.06
1.06
1.06
1.07
1.07
1.07
1.07
1.07
1.07
1.07
1.07
1.07
1.08
1.08
1.08
1.08
1.08
1.08
1.08
1.08
1.08
1.09
1.09
1.09
1.09
1.09
1.09
1.09
1.09
1.09
1.09
1.09
1.10
1.10
1.10
1.10
1.10
1.10
1.10
1.10
1.10
1.10
1.10
1.11
1.11
1.11
1.11
1.11
1.11
1.11
1.11
1.11
1.11
1.11
1.11
1.12
1.12
1.12
1.12
1.12
1.12
1.12
1.12
1.12
1.12
1.12
1.12
1.12
1.12
1.13
1.13
1.13
1.13
1.13
1.13
1.13
1.13
1.13
1.13
1.13
1.13
1.13
1.13
1.13
1.13
1.14
1.14
1.14
1.14
1.14
1.14
1.14
1.14
1.14
1.14
1.14
1.14
1.14
1.14
1.14
1.14
1.14
1.15
1.15
1.15
1.15
1.15
1.15
1.15
1.15
1.15
1.15
1.15
1.15
1.15
1.15
1.15
1.15
1.15
1.15
1.15
1.16
1.16
1.16
1.16
1.16
1.16
1.16
1.16
1.16
1.16
1.16
1.16
1.16
1.16
1.16
1.16
1.16
1.16
1.16
1.16
1.17
1.17
1.17
1.17
1.17
1.17
1.17
1.17
1.17
1.17
1.17
1.17
1.17
1.17
1.17
1.17
1.17
1.17
1.17
1.17
1.17
1.17
1.18
1.18
1.18
1.18
1.18
1.18
1.18
1.18
1.18
1.18
1.18
1.18
1.18
1.18
1.18
1.18
1.18
1.18
1.18
1.18
1.18
1.19
1.19
1.19
1.19
1.19
1.19
1.19
1.19
1.19
1.19
1.19
1.19
1.19
1.19
1.19
1.19
1.19
1.20
1.20
1.20
1.20
1.20
1.20
1.20
1.20
1.20
1.20
1.20
1.20
1.20
1.21
1.21
1.21
1.21
1.21
1.21
1.21
1.21
1.22
1.22
1.22
1.22
1.22
1.22
1.22
1.23
1.23
1.23
1.23
1.23
1.24
1.24
1.24
1.25
1.25
1.26
1.26
1.27
1.27
1.28
1.29
1.30
1.31
1.32
1.33
1.34
1.35
1.37
1.38
1.40
1.42
1.23
1.20
1.16
1.13
1.10
1.07
1.04
1.01
0.98
0.96
0.93
0.91
0.89
0.87
0.84
0.82
0.81
0.79
0.77
0.76
0.74
0.73
0.72
0.72
0.71
0.71
0.71
0.71
0.72
0.72
0.72
0.73
0.73
0.73
0.73
0.73
0.73
0.73
0.73
0.73
0.73
0.73
0.73
0.72
0.72
0.72
0.72
0.72
0.72
0.72
0.72
0.71
0.71
0.71
0.71
0.71
0.71
0.71
0.71
0.71
0.71
0.71
0.71
0.71
0.71
0.71
0.71
0.71
0.72
0.72
0.72
0.72
0.72
0.72
0.72
0.72
0.72
0.72
0.73
0.73
0.73
0.73
0.73
0.73
0.73
0.73
0.73
0.73
0.74
0.74
0.74
0.74
0.74
0.74
0.74
0.75
0.75
0.75
0.75
0.76
0.76
0.76
0.77
0.77
0.78
0.78
0.79
0.80
0.80
0.81
0.82
0.83
0.84
0.85
0.86
0.87
0.88
0.90
0.91
0.92
1.43
1.38
1.34
1.31
1.29
1.27
1.25
1.24
1.23
1.22
1.22
1.21
1.21
1.20
1.20
1.20
1.19
1.19
1.19
1.18
1.18
1.18
1.17
1.17
1.16
1.16
1.15
1.15
1.14
1.13
1.12
1.10
1.09
1.07
1.06
1.04
1.02
1.01
1.00
0.99
0.98
0.98
0.97
0.97
0.97
0.97
0.97
0.97
0.97
0.97
0.97
0.98
0.98
0.98
0.98
0.98
0.98
0.99
0.99
0.99
0.99
0.99
1.00
1.00
1.00
1.00
1.00
1.00
1.01
1.01
1.01
1.01
1.01
1.02
1.02
1.02
1.02
1.02
1.02
1.03
1.03
1.03
1.03
1.03
1.03
1.04
1.04
1.04
1.04
1.04
1.04
1.04
1.05
1.05
1.05
1.05
1.05
1.05
1.05
1.06
1.06
1.06
1.06
1.06
1.06
1.06
1.06
1.07
1.07
1.07
1.07
1.07
1.08
1.08
1.08
1.08
1.08
1.09
1.09
1.09
1.09
1.09
1.09
1.10
1.10
1.10
1.10
1.10
1.10
1.11
1.11
1.11
1.11
1.11
1.11
1.12
1.12
1.12
1.12
1.12
1.12
1.12
1.13
1.13
1.13
1.13
1.13
1.13
1.14
1.14
1.14
1.14
1.14
1.14
1.14
1.15
1.15
1.15
1.15
1.15
1.15
1.15
1.16
1.16
1.16
1.16
1.16
1.16
1.16
1.16
1.16
1.16
1.17
1.17
1.17
1.17
1.17
1.17
1.17
1.17
1.17
1.17
1.17
1.17
1.17
1.17
1.17
1.18
1.18
1.18
1.18
1.18
1.18
1.18
1.18
1.18
1.18
1.18
1.18
1.18
1.18
1.18
1.18
1.18
1.18
1.18
1.18
1.18
1.18
1.18
1.19
1.19
1.19
1.19
1.19
1.19
1.19
1.19
1.19
1.19
1.19
1.19
1.19
1.19
1.19
1.19
1.19
1.19
1.19
1.19
1.19
1.19
1.19
1.19
1.19
1.19
1.19
1.19
1.19
1.19
1.19
1.19
1.19
1.19
1.19
1.19
1.19
1.19
1.19
1.19
1.19
1.20
1.20
1.20
1.20
1.20
1.20
1.20
1.20
1.20
1.20
1.20
1.20
1.20
1.20
1.20
1.21
1.21
1.21
1.21
1.21
1.22
1.22
1.22
1.22
1.23
1.23
1.24
1.24
1.25
1.25
1.26
1.27
1.27
1.28
1.29
1.30
1.32
1.33
1.34
1.36
1.38
1.40
1.42
2.08
2.04
1.99
1.96
1.93
1.90
1.88
1.86
1.85
1.84
1.83
1.82
1.81
1.80
1.80
1.79
1.79
1.79
1.78
1.78
1.78
1.78
1.78
1.78
1.79
1.79
1.79
1.79
1.80
1.80
