0.22
0.23
0.24
0.26
0.27
0.29
0.30
0.31
0.33
0.34
0.35
0.36
0.38
0.39
0.40
0.41
0.42
0.43
0.44
0.45
0.46
0.47
0.48
0.49
0.50
0.51
0.52
0.53
0.54
0.55
0.57
0.58
0.59
0.59
0.60
0.61
0.62
0.63
0.64
0.65
0.66
0.67
0.68
0.68
0.69
0.70
0.70
0.71
0.72
0.72
0.73
0.74
0.74
0.75
0.76
0.76
0.77
0.78
0.79
0.80
0.80
0.81
0.82
0.82
0.82
0.82
0.83
0.83
0.83
0.83
0.83
0.83
0.83
0.83
0.83
0.83
0.84
0.84
0.84
0.84
0.84
0.84
0.84
0.84
0.84
0.84
0.84
0.84
0.84
0.84
0.84
0.84
0.84
0.84
0.84
0.84
0.85
0.85
0.85
0.85
0.85
0.85
0.85
0.85
0.85
0.86
0.86
0.87
0.87
0.87
0.88
0.88
0.88
0.89
0.89
0.89
0.90
0.90
0.90
0.91
0.91
0.91
0.92
0.92
0.92
0.92
0.93
0.93
0.93
0.93
0.93
0.93
0.93
0.93
0.94
0.94
0.94
0.94
0.95
0.95
0.95
0.95
0.95
0.96
0.96
0.97
0.97
0.97
0.98
0.98
0.98
0.99
0.99
0.99
1.00
1.00
1.01
1.01
1.01
1.02
1.02
1.02
1.03
1.03
1.03
1.04
1.04
1.05
1.05
1.05
1.05
1.06
1.06
1.06
1.06
1.06
1.07
1.07
1.07
1.07
1.07
1.07
1.07
1.07
1.06
1.06
1.06
1.06
1.05
1.05
1.04
1.04
1.04
1.03
1.02
1.01
1.01
1.00
0.99
0.98
0.97
0.96
0.95
0.93
0.92
0.91
0.90
0.89
0.87
0.85
0.84
0.82
0.80
0.78
0.77
0.76
0.75
0.75
0.75
0.75
0.76
0.76
0.77
0.78
0.78
0.79
0.80
0.80
0.81
0.82
0.82
0.83
0.83
0.84
0.84
0.85
0.85
0.86
0.86
0.86
0.87
0.87
0.87
0.88
0.88
0.88
0.88
0.88
0.89
0.89
0.89
0.89
0.89
0.89
0.89
0.89
0.89
0.89
0.89
0.89
0.89
0.89
0.89
0.89
0.89
0.89
0.89
0.89
0.89
0.89
0.88
0.88
0.88
0.88
0.88
0.88
0.88
0.88
0.87
0.87
0.87
0.87
0.87
0.87
0.86
0.86
0.86
0.86
0.86
0.85
0.85
0.85
0.84
0.84
0.84
0.84
0.83
0.83
0.83
0.83
0.83
0.82
0.82
0.82
0.82
0.82
0.82
0.81
0.81
0.81
0.81
0.81
0.80
0.80
0.80
0.80
0.80
0.79
0.79
0.79
0.79
0.78
0.78
0.78
0.78
0.78
0.77
0.77
0.77
0.77
0.77
0.76
0.76
0.76
0.76
0.75
0.75
0.75
0.75
0.74
0.74
0.74
0.74
0.74
0.73
0.73
0.73
0.73
0.73
0.72
0.72
0.72
0.72
0.72
0.72
0.71
0.71
0.71
0.71
0.71
0.70
0.70
0.70
0.70
0.70
0.69
0.69
0.69
0.69
0.68
0.68
0.68
0.68
0.67
0.67
0.67
0.66
0.66
0.66
0.65
0.65
0.65
0.65
0.64
0.64
0.64
0.63
0.63
0.63
0.62
0.62
0.62
0.61
0.61
0.61
0.61
0.61
0.61
0.61
0.61
0.60
0.60
0.60
0.60
0.60
0.60
0.59
0.59
0.59
0.59
0.59
0.60
0.60
0.61
0.61
0.62
0.62
0.63
0.63
0.64
0.64
0.65
0.65
0.66
0.66
0.67
0.67
0.68
0.68
0.69
0.69
0.69
0.70
0.70
0.70
0.71
0.71
0.72
0.72
0.73
0.73
0.74
0.74
0.74
0.74
0.75
0.75
0.75
0.76
0.76
0.77
0.77
0.78
0.78
0.78
0.79
0.79
0.79
0.80
0.80
0.80
0.81
0.81
0.81
0.81
0.82
0.82
0.82
0.82
0.82
0.82
0.82
0.82
0.83
0.83
0.83
0.83
0.83
0.83
0.83
0.84
0.84
0.84
0.84
0.84
0.85
0.85
0.85
0.85
0.85
0.86
0.86
0.86
0.86
0.87
0.87
0.87
0.88
0.88
0.88
0.88
0.89
0.89
0.89
0.90
0.90
0.91
0.91
0.91
0.91
0.92
0.92
0.92
0.93
0.93
0.93
0.94
0.94
0.95
0.95
0.96
0.96
0.97
0.97
0.97
0.98
0.98
0.99
0.99
1.00
1.01
1.01
1.02
1.02
1.03
1.03
1.04
1.04
1.04
1.05
1.05
1.05
1.05
1.05
1.05
1.05
1.05
1.04
1.03
1.03
1.02
1.01
0.99
0.98
0.97
0.95
0.93
0.91
0.90
0.88
0.86
0.84
0.82
0.80
0.78
0.77
0.76
0.75
0.74
0.73
0.72
0.72
0.72
0.72
0.73
0.73
0.74
0.75
0.76
0.77
0.78
0.79
0.80
0.81
0.81
0.82
0.83
0.84
0.84
0.85
0.85
0.86
0.86
0.87
0.87
0.88
0.88
0.88
0.89
0.89
0.89
0.89
0.90
0.90
0.90
0.90
0.90
0.90
0.90
0.90
0.91
0.91
0.91
0.91
0.91
0.91
0.91
0.90
0.90
0.90
0.90
0.90
0.90
0.90
0.90
0.89
0.89
0.89
0.89
0.89
0.88
0.88
0.88
0.88
0.88
0.87
0.87
0.87
0.87
0.86
0.86
0.86
0.86
0.85
0.85
0.85
0.85
0.84
0.84
0.84
0.84
0.83
0.83
0.83
0.82
0.82
0.82
0.81
0.81
0.81
0.81
0.80
0.80
0.80
0.80
0.79
0.79
0.79
0.79
0.78
0.78
0.78
0.78
0.77
0.77
0.77
0.77
0.76
0.76
0.76
0.75
0.75
0.75
0.75
0.75
0.74
0.74
0.74
0.74
0.73
0.73
0.73
0.72
0.72
0.72
0.72
0.71
0.71
0.71
0.70
0.70
0.70
0.70
0.69
0.69
0.69
0.68
0.68
0.68
0.68
0.67
0.67
0.67
0.67
0.66
0.66
0.66
0.66
0.65
0.65
0.65
0.65
0.64
0.64
0.64
0.63
0.63
0.63
0.63
0.63
0.62
0.62
0.62
0.62
0.61
0.61
0.61
0.61
0.61
0.61
0.61
0.61
0.61
0.61
0.61
0.61
0.61
0.61
0.61
0.61
0.60
0.60
0.60
0.60
0.60
0.61
0.61
0.61
0.62
0.62
0.63
0.63
0.63
0.64
0.64
0.65
0.65
0.65
0.66
0.66
0.67
0.67
0.68
0.68
0.68
0.69
0.69
0.70
0.70
0.71
0.71
0.72
0.72
0.72
0.73
0.73
0.73
0.73
0.74
0.74
0.75
0.75
0.76
0.76
0.76
0.77
0.77
0.77
0.78
0.78
0.78
0.79
0.79
0.80
0.80
0.80
0.81
0.81
0.81
0.82
0.82
0.82
0.82
0.82
0.82
0.82
0.82
0.83
0.83
0.83
0.83
0.83
0.83
0.83
0.84
0.84
0.84
0.84
0.84
0.85
0.85
0.85
0.85
0.85
0.86
0.86
0.86
0.86
0.87
0.87
0.87
0.87
0.88
0.88
0.88
0.89
0.89
0.89
0.90
0.90
0.90
0.91
0.91
0.91
0.92
0.92
0.92
0.93
0.93
0.93
0.94
0.94
0.94
0.95
0.96
0.96
0.97
0.97
0.97
0.98
0.98
0.99
0.99
1.00
1.00
1.00
1.01
1.01
1.02
1.02
1.02
1.03
1.03
1.04
1.04
1.04
1.04
1.04
1.04
1.04
1.04
1.03
1.03
1.02
1.01
1.00
0.99
0.97
0.96
0.94
0.92
0.90
0.89
0.87
0.85
0.83
0.82
0.80
0.78
0.77
0.75
0.74
0.73
0.73
0.73
0.73
0.74
0.74
0.75
0.76
0.77
0.78
0.79
0.80
0.81
0.81
0.82
0.83
0.84
0.84
0.85
0.85
0.86
0.86
0.87
0.87
0.88
0.88
0.88
0.88
0.89
0.89
0.89
0.89
0.90
0.90
0.90
0.90
0.90
0.90
0.90
0.90
0.90
0.90
0.90
0.90
0.90
0.90
0.90
0.90
0.90
0.90
0.90
0.90
0.90
0.89
0.89
0.89
0.89
0.89
0.88
0.88
0.88
0.88
0.87
0.87
0.87
0.87
0.86
0.86
0.86
0.86
0.85
0.85
0.85
0.84
0.84
0.84
0.84
0.83
0.83
0.83
0.83
0.82
0.82
0.81
0.81
0.81
0.80
0.80
0.80
0.80
0.79
0.79
0.79
0.78
0.78
0.78
0.78
0.78
0.77
0.77
0.77
0.76
0.76
0.76
0.76
0.75
0.75
0.75
0.74
0.74
0.74
0.74
0.73
0.73
0.73
0.73
0.73
0.72
0.72
0.72
0.72
0.71
0.71
0.70
0.70
0.69
0.69
0.69
0.68
0.68
0.68
0.68
0.67
0.67
0.67
0.66
0.66
0.66
0.65
0.65
0.65
0.65
0.64
0.64
0.64
0.64
0.63
0.63
0.63
0.63
0.62
0.62
0.62
0.62
0.61
0.61
0.61
0.61
0.61
0.61
0.61
0.61
0.61
0.61
0.61
0.61
0.60
0.60
0.60
0.61
0.60
0.60
0.60
0.60
0.60
0.61
0.61
0.61
0.62
0.62
0.62
0.63
0.63
0.64
0.64
0.64
0.65
0.65
0.66
0.66
0.66
0.67
0.67
0.68
0.68
0.68
0.69
0.69
0.70
0.70
0.70
0.71
0.71
0.71
0.72
0.72
0.73
0.73
0.73
0.74
0.74
0.74
0.75
0.75
0.76
0.76
0.76
0.77
0.77
0.77
0.78
0.78
0.78
0.79
0.79
0.79
0.80
0.80
0.80
0.81
0.81
0.81
0.81
0.82
0.82
0.82
0.82
0.82
0.82
0.82
0.82
0.82
0.83
0.83
0.83
0.83
0.83
0.83
0.84
0.84
0.84
0.84
0.84
0.85
0.85
0.85
0.85
0.85
0.86
0.86
0.86
0.86
0.86
0.87
0.87
0.88
0.88
0.88
0.89
0.89
0.89
0.90
0.90
0.90
0.90
0.91
0.91
0.91
0.92
0.92
0.92
0.93
0.93
0.94
0.94
0.94
0.95
0.95
0.96
0.96
0.97
0.97
0.98
0.98
0.99
0.99
0.99
1.00
1.00
1.01
1.01
1.02
1.02
1.03
1.03
1.03
1.04
1.04
1.04
1.04
1.04
1.04
1.04
1.03
1.03
1.02
1.02
1.01
1.00
0.98
0.97
0.96
0.94
0.93
0.91
0.89
0.87
0.86
0.84
0.83
0.81
0.80
0.79
0.78
0.77
0.76
0.75
0.74
0.73
0.73
0.74
0.74
0.75
0.75
0.76
0.77
0.78
0.79
0.80
0.81
0.81
0.82
0.83
0.83
0.84
0.85
0.85
0.86
0.86
0.87
0.87
0.87
0.88
0.88
0.88
0.89
0.89
0.89
0.89
0.90
0.90
0.90
0.90
0.90
0.90
0.90
0.90
0.90
0.90
0.90
0.90
0.90
0.90
0.90
0.90
0.90
0.90
0.90
0.89
0.89
0.89
0.89
0.89
0.89
0.89
0.88
0.88
0.88
0.88
0.87
0.87
0.87
0.87
0.87
0.86
0.86
0.86
0.86
0.85
0.85
0.85
0.84
0.84
0.84
0.83
0.83
0.83
0.83
0.82
0.82
0.82
0.82
0.81
0.81
0.81
0.81
0.80
0.80
0.80
0.80
0.79
0.79
0.79
0.79
0.78
0.78
0.78
0.77
0.77
0.77
0.77
0.76
0.76
0.76
0.75
0.75
0.75
0.75
0.74
0.74
0.74
0.74
0.73
0.73
0.73
0.73
0.72
0.72
0.72
0.71
0.71
0.71
0.71
0.70
0.70
0.70
0.69
0.69
0.68
0.68
0.68
0.68
0.67
0.67
0.67
0.67
0.66
0.66
0.66
0.66
0.65
0.65
0.65
0.64
0.64
0.64
0.64
0.63
0.63
0.63
0.62
0.62
0.62
0.62
0.62
0.61
0.61
0.61
0.61
0.60
0.60
0.60
0.60
0.60
0.59
0.59
0.59
0.59
0.59
0.59
0.59
0.60
0.60
0.60
0.61
0.61
0.62
0.62
0.63
0.63
0.63
0.64
0.64
0.65
0.65
0.66
0.66
0.67
0.67
0.67
0.68
0.68
0.69
0.69
0.69
0.70
0.70
0.70
0.71
0.71
0.72
0.72
0.72
0.73
0.73
0.74
0.74
0.74
0.75
0.75
0.75
0.76
0.76
0.77
0.77
0.77
0.78
0.78
0.79
0.79
0.79
0.80
0.80
0.80
0.81
0.81
0.81
0.82
0.82
0.82
0.82
0.83
0.83
0.83
0.83
0.83
0.83
0.83
0.83
0.83
0.84
0.84
0.84
0.84
0.84
0.84
0.85
0.85
0.85
0.85
0.86
0.86
0.86
0.86
0.86
0.87
0.87
0.87
0.88
0.88
0.88
0.88
0.89
0.89
0.89
0.90
0.90
0.90
0.91
0.91
0.92
0.92
0.92
0.93
0.93
0.93
0.94
0.94
0.94
0.95
0.95
0.96
0.96
0.96
0.97
0.97
0.98
0.98
0.99
0.99
1.00
1.00
1.01
1.02
1.02
1.03
1.03
1.04
1.04
1.04
1.04
1.04
1.05
1.05
1.05
1.04
1.04
1.04
1.03
1.03
1.02
1.01
1.00
0.98
0.97
0.96
0.94
0.93
0.91
0.89
0.88
0.86
0.84
0.83
0.81
0.80
0.79
0.78
0.77
0.76
0.76
0.75
0.74
0.74
0.74
0.73
0.73
0.74
0.74
0.74
0.75
0.75
0.76
0.77
0.78
0.79
0.80
0.81
0.82
0.83
0.83
0.84
0.84
0.84
0.85
0.85
0.85
0.85
0.85
0.84
0.84
0.84
0.84
0.84
0.84
0.83
0.83
0.83
0.83
0.83
0.83
0.83
0.82
0.82
0.82
0.82
0.82
0.82
0.82
0.82
0.81
0.81
0.81
0.81
0.81
0.81
0.81
0.81
0.80
0.80
0.80
0.80
0.80
0.79
0.79
0.79
0.79
0.79
0.79
0.78
0.78
0.78
0.78
0.78
0.78
0.78
0.78
0.78
0.78
0.78
0.78
0.78
0.78
0.78
0.78
0.78
0.78
0.79
0.79
0.79
0.79
0.79
0.79
0.79
0.79
0.79
0.79
0.79
0.79
0.78
0.77
0.76
0.75
0.74
0.73
0.72
0.71
0.69
0.67
0.65
0.63
0.62
0.61
0.61
0.60
0.59
0.59
0.59
0.59
0.60
0.60
0.61
0.61
0.62
0.63
0.64
0.65
0.66
0.66
0.67
0.68
0.69
0.70
0.71
0.71
0.72
0.73
0.74
0.74
0.75
0.76
0.76
0.77
0.78
0.78
0.79
0.80
0.80
0.81
0.81
0.82
0.83
0.83
0.84
0.84
0.85
0.85
0.86
0.86
0.87
0.87
0.88
0.88
0.89
0.89
0.89
0.90
0.90
0.91
0.91
0.92
0.92
0.93
0.94
0.94
0.95
0.96
0.96
0.97
0.98
0.99
1.00
1.01
1.02
1.03
1.04
1.05
1.07
1.08
1.09
1.10
1.11
1.12
1.12
1.13
1.13
1.13
1.13
1.12
1.11
1.10
1.08
1.06
1.04
1.02
1.00
0.98
0.96
0.94
0.93
0.92
0.92
0.91
0.91
0.91
0.91
0.90
0.89
0.88
0.87
0.86
0.85
0.85
0.84
0.84
0.84
0.84
0.84
0.84
0.84
0.85
0.85
0.85
0.85
0.85
0.85
0.85
0.85
0.85
0.86
0.86
0.87
0.88
0.89
0.90
0.91
0.92
0.94
0.95
0.97
0.98
0.99
1.00
1.00
1.00
1.01
1.01
1.01
1.02
1.02
1.01
1.01
1.01
1.00
0.99
0.99
0.98
0.97
0.95
0.94
0.92
0.90
0.88
0.86
0.83
0.81
0.78
0.76
0.74
0.72
0.70
0.69
0.67
0.66
0.65
0.64
0.63
0.62
0.61
0.61
0.60
0.59
0.58
0.57
0.56
0.56
0.55
0.54
0.53
0.51
0.50
0.49
0.48
0.46
0.45
0.43
0.41
0.39
0.37
0.35
0.33
0.31
0.28
0.26
0.23
0.20
0.17
0.14
0.11
0.07
0.03
-0.01
-0.05
-0.08
-0.10
-0.12
-0.14
-0.15
-0.15
-0.16
-0.16
-0.16
-0.16
-0.16
-0.16
-0.16
-0.15
-0.15
-0.14
-0.14
-0.13
-0.13
-0.12
-0.12
-0.11
-0.11
-0.10
-0.10
-0.09
-0.09
-0.08
-0.08
-0.07
-0.07
-0.07
-0.06
-0.06
-0.06
-0.05
-0.05
-0.05
-0.05
-0.05
-0.04
-0.04
-0.04
-0.04
-0.04
-0.04
-0.03
-0.03
-0.03
-0.03
-0.03
-0.03
-0.03
-0.03
-0.03
-0.02
-0.02
-0.02
-0.02
-0.01
-0.01
-0.00
-0.00
0.00
0.00
0.00
0.00
0.00
0.00
-0.00
-0.00
-0.01
-0.01
-0.01
-0.01
-0.01
-0.01
-0.01
-0.01
-0.01
-0.01
-0.01
-0.02
-0.02
-0.02
-0.02
-0.02
-0.02
-0.02
-0.02
-0.02
-0.02
-0.01
-0.01
-0.01
-0.01
-0.01
-0.01
-0.01
-0.01
-0.01
-0.01
-0.01
-0.01
-0.01
0.00
0.01
0.02
0.02
0.02
0.01
0.01
0.01
-0.00
-0.01
-0.01
-0.01
-0.02
-0.02
-0.02
-0.02
-0.02
-0.02
-0.02
-0.02
-0.03
-0.02
-0.02
-0.02
-0.02
-0.02
-0.02
-0.02
-0.02
-0.02
-0.02
-0.02
-0.02
-0.02
-0.02
-0.02
-0.02
-0.02
-0.02
-0.02
-0.02
-0.02
-0.02
-0.02
-0.01
-0.00
0.01
0.02
0.04
0.06
0.08
0.11
0.14
0.18
0.21
0.24
0.26
0.29
0.31
0.33
0.34
0.36
0.38
0.39
0.40
0.40
0.40
0.39
0.37
0.34
0.32
0.29
0.26
0.24
0.22
0.20
0.19
0.18
0.17
0.16
0.16
0.15
0.14
0.13
0.12
0.11
0.10
0.09
0.08
0.07
0.06
0.05
0.04
0.03
0.03
0.03
0.03
0.04
0.05
0.07
0.09
0.12
0.16
0.20
0.24
0.29
0.33
0.38
0.42
0.45
0.47
0.49
0.50
0.51
0.51
0.50
0.49
0.47
0.45
0.43
0.41
0.40
0.38
0.37
0.37
0.37
0.37
0.37
0.38
0.39
0.41
0.43
0.45
0.48
0.51
0.55
0.58
0.62
0.66
0.69
0.72
0.76
0.79
0.82
0.84
0.87
0.89
0.91
0.93
0.94
0.96
0.98
1.00
1.01
1.03
1.04
1.06
1.08
1.10
1.12
1.14
1.16
1.19
1.21
1.24
1.27
1.30
1.33
1.36
1.40
1.44
1.48
1.52
1.55
1.59
1.62
1.65
1.67
1.69
1.70
1.71
1.72
1.72
1.72
1.72
1.71
1.69
1.68
1.66
1.63
1.61
1.58
1.55
1.52
1.49
1.46
1.43
1.41
1.39
1.37
1.35
1.34
1.33
1.33
1.32
1.32
1.32
1.32
1.33
1.34
1.35
1.36
1.37
1.39
1.41
1.43
1.45
1.48
1.51
1.54
1.57
1.60
1.64
1.67
1.71
1.75
1.79
1.83
1.87
1.92
1.97
2.01
2.05
2.09
2.13
2.16
2.19
2.22
2.25
2.27
2.30
2.32
2.34
2.36
2.38
2.40
2.41
2.43
2.45
2.46
2.47
2.49
2.50
2.51
2.52
2.53
2.54
2.54
2.55
2.55
2.55
2.54
2.54
2.53
2.52
2.51
2.49
2.48
2.46
2.44
2.42
2.40
2.37
2.34
2.32
2.29
2.25
2.22
2.18
2.14
2.10
2.05
2.00
1.95
1.90
1.85
1.79
1.73
1.66
1.60
1.53
1.46
1.38
1.30
1.21
1.11
1.01
0.90
0.79
0.66
0.52
0.38
0.22
0.08
-0.06
-0.18
-0.28
-0.36
-0.41
-0.46
-0.49
-0.51
-0.52
-0.53
-0.53
-0.52
-0.51
-0.49
-0.46
-0.43
-0.39
-0.35
-0.30
-0.24
-0.17
-0.10
-0.02
0.07
0.16
0.26
0.36
0.46
0.56
0.67
0.77
0.88
0.97
1.06
1.14
1.22
1.29
1.35
1.42
1.48
1.53
1.59
1.64
1.68
1.72
1.76
1.80
1.83
1.86
1.89
1.92
1.94
1.96
1.97
1.99
2.00
2.01
2.02
2.03
2.03
2.03
2.04
2.04
2.05
2.05
2.06
2.06
2.07
2.08
2.08
2.09
2.09
2.10
2.10
2.10
2.10
2.10
2.10
2.10
2.09
2.09
2.09
2.09
2.09
2.09
2.08
2.08
2.08
2.07
2.06
2.05
2.04
2.03
2.01
2.00
1.97
1.95
1.93
1.90
1.87
1.84
1.80
1.76
1.72
1.68
1.64
1.60
1.55
1.50
1.45
1.40
1.35
1.29
1.23
1.16
1.10
1.02
0.95
0.87
0.78
0.69
0.60
0.50
0.39
0.28
0.16
0.03
-0.08
-0.18
-0.26
-0.32
-0.36
-0.40
-0.42
-0.44
-0.45
-0.46
-0.46
-0.45
-0.44
-0.43
-0.42
-0.41
-0.39
-0.38
-0.36
-0.35
-0.33
-0.31
-0.30
-0.28
-0.27
-0.25
-0.24
-0.23
-0.21
-0.20
-0.20
-0.19
-0.18
-0.17
-0.16
-0.16
-0.15
-0.14
-0.14
-0.13
-0.12
-0.12
-0.11
-0.11
-0.10
-0.10
-0.09
-0.09
-0.08
-0.08
-0.07
-0.07
-0.07
-0.06
-0.06
-0.06
-0.05
-0.05
-0.05
-0.05
-0.04
-0.04
-0.04
-0.04
-0.04
-0.04
-0.03
-0.03
-0.03
-0.03
-0.03
-0.03
-0.03
-0.03
-0.03
-0.03
-0.03
-0.03
-0.02
-0.02
-0.01
-0.01
-0.01
-0.00
0.00
0.01
0.02
0.03
0.04
0.06
0.07
0.09
0.11
0.13
0.14
0.15
0.16
0.17
0.17
0.18
0.18
0.18
0.19
0.18
0.18
0.18
0.17
0.16
0.15
0.14
0.13
0.11
0.09
0.07
0.05
0.03
0.00
-0.02
-0.04
-0.05
-0.07
-0.08
-0.08
-0.09
-0.09
-0.10
-0.10
-0.10
-0.10
-0.10
-0.09
-0.09
-0.09
-0.09
-0.08
-0.08
-0.08
-0.08
-0.07
-0.07
-0.07
-0.06
-0.06
-0.06
-0.06
-0.05
-0.05
-0.05
-0.05
-0.05
-0.04
-0.04
-0.04
-0.04
-0.04
-0.04
-0.04
-0.04
-0.04
-0.04
-0.04
-0.03
-0.03
-0.03
-0.03
-0.03
-0.03
-0.03
-0.03
-0.03
-0.03
-0.03
-0.03
-0.03
-0.03
-0.03
-0.03
-0.03
-0.03
-0.03
-0.03
-0.03
-0.03
-0.03
-0.03
-0.03
-0.03
-0.03
-0.03
-0.03
-0.03
-0.03
-0.03
-0.03
-0.03
-0.03
-0.03
-0.03
-0.03
-0.03
-0.03
-0.03
-0.03
-0.03
-0.03
-0.03
-0.03
-0.03
-0.03
-0.03
-0.03
-0.03
-0.03
-0.03
-0.03
-0.03
-0.03
-0.03
-0.03
-0.03
-0.03
-0.03
-0.03
-0.03
-0.03
-0.03
-0.03
-0.03
-0.03
-0.03
-0.03
-0.03
-0.03
-0.03
-0.03
-0.03
-0.03
-0.03
-0.03
-0.03
-0.03
-0.03
-0.02
-0.02
-0.02
-0.02
-0.02
-0.02
-0.02
-0.02
-0.02
-0.02
-0.02
-0.02
-0.02
-0.02
-0.02
-0.02
-0.02
-0.02
-0.02
-0.02
-0.02
-0.02
-0.02
-0.02
-0.01
-0.01
-0.01
-0.01
-0.01
-0.01
-0.01
-0.01
-0.01
-0.01
-0.01
-0.01
-0.01
-0.01
-0.01
-0.01
-0.01
-0.01
-0.01
-0.01
-0.01
-0.01
-0.01
-0.01
-0.01
-0.01
-0.01
-0.01
-0.01
-0.01
-0.01
-0.01
-0.01
-0.01
-0.01
-0.01
-0.01
-0.01
-0.01
-0.01
-0.01
-0.01
-0.01
-0.01
-0.01
-0.01
-0.01
-0.01
-0.01
-0.01
-0.01
-0.01
-0.01
-0.01
-0.01
-0.01
-0.01
-0.02
-0.02
-0.02
-0.02
-0.03
-0.03
-0.03
-0.03
-0.04
-0.04
-0.04
-0.04
-0.04
-0.05
-0.05
-0.05
-0.05
-0.05
-0.05
-0.05
-0.05
-0.05
-0.05
-0.05
-0.05
-0.05
-0.05
-0.05
-0.05
-0.05
-0.05
-0.05
-0.05
-0.05
-0.04
-0.04
-0.04
-0.04
-0.04
-0.04
-0.04
-0.04
-0.04
-0.04
-0.04
-0.04
-0.04
-0.04
-0.04
-0.04
-0.04
-0.03
-0.03
-0.03
-0.03
-0.03
-0.03
-0.03
-0.03
-0.03
-0.03
-0.03
-0.03
-0.03
-0.03
-0.03
-0.03
-0.03
-0.03
-0.03
-0.03
-0.03
-0.03
-0.03
-0.03
-0.02
-0.02
-0.02
-0.02
-0.02
-0.02
-0.02
-0.02
-0.02
-0.02
-0.02
-0.02
-0.02
-0.02
-0.02
-0.02
-0.02
-0.02
-0.02
-0.02
-0.02
-0.02
-0.02
-0.02
-0.02
-0.02
-0.03
-0.03
-0.03
-0.03
-0.03
-0.03
-0.03
-0.03
-0.03
-0.03
-0.03
-0.03
-0.02
-0.02
-0.02
-0.02
-0.02
-0.02
-0.02
-0.02
-0.02
-0.02
-0.02
-0.02
-0.02
-0.02
-0.02
-0.02
-0.02
-0.02
-0.02
-0.02
-0.02
-0.02
-0.02
-0.02
-0.02
-0.02
-0.02
-0.02
-0.02
-0.02
-0.02
-0.02
-0.02
-0.02
-0.02
-0.02
-0.02
-0.02
-0.02
-0.02
-0.02
-0.02
-0.02
-0.02
-0.02
-0.02
-0.02
-0.02
-0.02
-0.02
-0.02
-0.02
-0.02
-0.02
-0.02
-0.02
-0.02
-0.02
-0.02
-0.02
-0.02
-0.02
-0.02
-0.02
-0.02
-0.02
-0.02
-0.02
-0.02
-0.02
-0.02
-0.02
-0.02
-0.02
-0.02
-0.02
-0.02
-0.02
-0.02
-0.02
-0.02
-0.02
-0.02
-0.02
-0.02
-0.02
-0.02
-0.02
-0.02
-0.02
-0.02
-0.02
-0.02
-0.02
-0.02
-0.02
-0.02
-0.02
-0.02
-0.02
-0.02
-0.02
-0.02
-0.02
-0.02
-0.02
-0.02
-0.02
-0.02
-0.02
-0.02
-0.02
-0.02
-0.02
-0.02
-0.02
-0.02
-0.02
-0.02
-0.02
-0.02
-0.02
-0.02
-0.02
-0.02
-0.02
-0.02
-0.02
-0.02
-0.02
-0.02
-0.02
-0.02
-0.02
-0.02
-0.02
-0.02
-0.02
-0.02
-0.02
-0.02
-0.02
-0.02
-0.02
-0.02
-0.02
-0.02
-0.02
-0.02
-0.02
-0.02
-0.02
-0.02
-0.02
-0.02
-0.02
-0.02
-0.02
-0.02
-0.02
-0.02
-0.02
-0.02
-0.02
-0.02
-0.02
-0.02
-0.02
-0.02
-0.02
-0.02
-0.02
-0.02
-0.02
-0.02
-0.02
-0.02
-0.02
-0.02
-0.02
-0.02
-0.02
-0.02
-0.02
-0.02
-0.02
-0.02
-0.02
-0.02
-0.02
-0.02
-0.02
-0.02
-0.02
-0.02
-0.02
-0.02
-0.02
-0.02
-0.02
-0.02
-0.02
-0.02
-0.02
-0.02
-0.02
-0.02
-0.02
-0.02
-0.02
-0.02
-0.02
-0.02
-0.02
-0.02
-0.02
-0.02
-0.02
-0.02
-0.02
-0.02
-0.02
-0.02
-0.02
-0.02
-0.02
-0.02
-0.02
-0.02
-0.02
-0.02
-0.02
-0.02
-0.02
-0.02
-0.02
-0.02
-0.02
-0.02
-0.02
-0.02
-0.02
-0.02
-0.02
-0.02
-0.02
-0.02
-0.02
-0.02
-0.02
-0.02
-0.02
-0.02
-0.02
-0.02
-0.02
-0.02
-0.02
-0.02
-0.02
-0.02
-0.02
-0.02
-0.02
-0.02
-0.02
-0.02
-0.02
-0.02
-0.02
-0.02
-0.02
-0.02
-0.02
-0.02
-0.02
-0.02
-0.02
-0.02
-0.02
-0.02
-0.02
-0.02
-0.02
-0.02
-0.02
-0.02
-0.02
-0.02
-0.02
-0.02
-0.02
-0.02
-0.02
-0.02
-0.02
-0.02
-0.02
-0.02
-0.02
-0.02
-0.02
-0.02
-0.02
-0.02
-0.02
-0.02
-0.02
-0.02
-0.02
-0.02
-0.02
-0.02
-0.02
-0.02
-0.02
-0.02
-0.02
-0.02
-0.02
-0.02
-0.02
-0.02
-0.02
-0.02
-0.02
-0.02
-0.02
-0.02
-0.02
-0.02
-0.02
-0.02
-0.02
-0.02
-0.02
-0.02
-0.02
-0.02
-0.02
-0.02
-0.02
-0.02
-0.02
-0.02
-0.02
-0.02
-0.02
-0.02
-0.02
-0.02
-0.02
-0.02
-0.02
-0.02
-0.02
-0.02
-0.02
-0.02
-0.02
-0.02
-0.02
-0.02
-0.02
-0.02
-0.02
-0.02
-0.02
-0.02
-0.02
-0.02
-0.02
-0.02
-0.02
-0.02
-0.02
-0.02
-0.02
-0.02
-0.02
-0.02
-0.02
-0.02
-0.02
-0.02
-0.02
-0.02
-0.02
-0.02
-0.02
-0.02
-0.02
-0.02
-0.02
-0.02
-0.02
-0.02
-0.02
-0.02
-0.02
-0.02
-0.02
-0.02
-0.02
-0.02
-0.02
-0.02
-0.02
-0.02
-0.02
-0.02
-0.02
-0.02
-0.02
-0.02
-0.02
-0.02
-0.02
-0.01
-0.01
-0.01
-0.01
-0.01
-0.01
-0.01
-0.01
-0.01
-0.01
-0.01
-0.01
-0.01
-0.01
-0.01
-0.01
-0.01
-0.01
-0.01
-0.01
-0.01
-0.01
-0.01
-0.01
-0.01
-0.01
-0.01
-0.01
-0.01
-0.01
-0.01
-0.01
-0.01
-0.01
-0.01
-0.01
-0.01
-0.01
-0.01
-0.01
-0.01
-0.01
-0.01
-0.01
-0.01
-0.01
-0.01
-0.01
-0.01
-0.01
-0.01
-0.01
-0.02
-0.02
-0.02
-0.02
-0.02
-0.02
-0.02
-0.02
-0.02
-0.02
-0.02
-0.02
-0.02
-0.02
-0.02
-0.02
-0.02
-0.02
-0.02
-0.02
-0.02
-0.02
-0.02
-0.02
-0.02
-0.02
-0.02
-0.02
-0.02
-0.02
-0.02
-0.02
-0.02
-0.01
-0.01
-0.01
0.00
0.01
0.02
0.03
0.04
0.05
0.06
0.08
0.10
0.12
0.13
0.15
0.17
0.18
0.19
0.19
0.20
0.21
0.22
0.23
0.25
0.26
0.29
0.31
0.34
0.37
0.40
0.44
0.48
0.52
0.57
0.62
0.67
0.72
0.78
0.83
0.89
0.95
1.00
1.06
1.12
1.17
1.23
1.28
1.33
1.38
1.43
1.48
1.54
1.59
1.64
1.69
1.75
1.80
1.86
1.91
1.97
2.02
2.08
2.14
2.20
2.26
2.32
2.38
2.44
2.50
2.57
2.63
2.69
2.73
2.77
2.80
2.82
2.84
2.85
2.86
2.86
2.86
2.86
2.86
2.86
2.85
2.85
2.84
2.83
2.82
2.82
2.81
2.80
2.79
2.78
2.76
2.75
2.74
2.72
2.70
2.69
2.67
2.66
2.64
2.63
2.62
2.60
2.59
2.57
2.55
2.53
2.50
2.48
2.45
2.42
2.39
2.36
2.32
2.28
2.24
2.20
2.15
2.11
2.06
2.01
1.95
1.90
1.84
1.78
1.72
1.66
1.60
1.53
1.46
1.38
1.30
1.22
1.14
1.05
0.96
0.87
0.77
0.67
0.58
0.50
0.41
0.34
0.26
0.20
0.13
0.07
0.01
-0.04
-0.08
-0.11
-0.14
-0.16
-0.17
-0.18
-0.18
-0.18
-0.17
-0.15
-0.13
-0.10
-0.06
-0.02
0.03
0.08
0.15
0.21
0.28
0.36
0.43
0.51
0.59
0.66
0.73
0.80
0.86
0.91
0.96
1.00
1.03
1.07
1.09
1.11
1.13
1.15
1.16
1.18
1.19
1.19
1.20
1.20
1.20
1.20
1.20
1.20
1.19
1.18
1.17
1.16
1.15
1.13
1.11
1.09
1.07
1.04
1.01
0.98
0.95
0.91
0.87
0.83
0.78
0.73
0.68
0.62
0.56
0.49
0.43
0.35
0.28
0.21
0.15
0.09
0.04
-0.00
-0.04
-0.07
-0.09
-0.10
-0.11
-0.11
-0.10
-0.09
-0.07
-0.05
-0.03
-0.02
0.01
0.04
0.08
0.12
0.17
0.22
0.28
0.35
0.42
0.49
0.57
0.65
0.73
0.82
0.90
0.97
1.04
1.11
1.17
1.23
1.28
1.33
1.38
1.42
1.46
1.49
1.52
1.55
1.58
1.60
1.62
1.64
1.66
1.67
1.68
1.69
1.69
1.69
1.69
1.69
1.68
1.68
1.67
1.65
1.64
1.62
1.60
1.58
1.56
1.53
1.50
1.46
1.43
1.39
1.35
1.31
1.26
1.21
1.16
1.11
1.07
1.02
0.98
0.94
0.90
0.86
0.82
0.79
0.76
0.73
0.70
0.67
0.65
0.63
0.61
0.59
0.58
0.57
0.56
0.56
0.56
0.56
0.56
0.56
0.57
0.57
0.58
0.58
0.58
0.59
0.59
0.59
0.60
0.60
0.60
0.60
0.60
0.61
0.61
0.61
0.61
0.61
0.62
0.62
0.62
0.63
0.63
0.64
0.64
0.65
0.65
0.66
0.67
0.67
0.68
0.69
0.69
0.70
0.71
0.72
0.73
0.74
0.75
0.76
0.77
0.78
0.79
0.80
0.82
0.83
0.84
0.86
0.87
0.88
0.89
0.90
0.91
0.92
0.92
0.93
0.93
0.94
0.94
0.94
0.94
0.95
0.95
0.95
0.95
0.95
0.95
0.94
0.94
0.94
0.94
0.94
0.94
0.94
0.94
0.94
0.94
0.94
0.94
0.94
0.94
0.94
0.94
0.94
0.94
0.93
0.93
0.93
0.93
0.93
0.93
0.93
0.92
0.92
0.92
0.92
0.92
0.91
0.91
0.91
0.91
0.91
0.91
0.90
0.90
0.90
0.90
0.90
0.89
0.89
0.89
0.89
0.88
0.88
0.88
0.88
0.87
0.87
0.87
0.87
0.86
0.86
0.86
0.85
0.85
0.85
0.84
0.84
0.84
0.83
0.83
0.83
0.82
0.82
0.82
0.81
0.81
0.81
0.80
0.80
0.80
0.79
0.79
0.79
0.78
0.78
0.77
0.77
0.76
0.76
0.75
0.75
0.74
0.74
0.73
0.72
0.72
0.71
0.70
0.70
0.69
0.69
0.68
0.67
0.67
0.66
0.65
0.65
0.64
0.63
0.63
0.62
0.61
0.61
0.60
0.59
0.58
0.57
0.57
0.56
0.55
0.54
0.53
0.52
0.51
0.50
0.49
0.48
0.47
0.46
0.45
0.44
0.42
0.41
0.40
0.39
0.38
0.36
0.35
0.34
0.33
0.31
0.30
0.29
0.28
0.26
0.25
0.24
0.22
0.21
0.20
0.18
0.17
0.16
0.14
0.13
0.11
0.10
0.08
0.06
0.03
0.00
-0.03
-0.06
-0.08
-0.10
-0.11
-0.12
-0.13
-0.13
-0.14
-0.14
-0.14
-0.14
-0.14
-0.14
-0.13
-0.13
-0.13
-0.12
-0.12
-0.12
-0.11
-0.11
-0.10
-0.10
-0.10
-0.09
-0.09
-0.09
-0.08
-0.08
-0.08
-0.07
-0.07
-0.07
-0.07
-0.06
-0.06
-0.06
-0.06
-0.06
-0.05
-0.05
-0.05
-0.05
-0.05
-0.05
-0.05
-0.05
-0.05
-0.05
-0.04
-0.04
-0.04
-0.03
-0.01
0.00
0.02
0.05
0.07
0.10
0.13
0.17
0.21
0.25
0.29
0.34
0.38
0.42
0.47
0.51
0.55
0.59
0.63
0.67
0.71
0.75
0.78
0.82
0.84
0.86
0.88
0.89
0.90
0.90
0.90
0.90
0.90
0.90
0.90
0.90
0.90
0.90
0.90
0.90
0.91
0.91
0.91
0.91
0.91
0.92
0.92
0.92
0.93
0.93
0.93
0.94
0.94
0.94
0.95
0.95
0.96
0.96
0.97
0.97
0.98
0.98
0.99
0.99
1.00
1.01
1.01
1.02
1.03
1.03
1.04
1.04
1.05
1.05
1.06
1.06
1.07
1.07
1.08
1.08
1.08
1.08
1.09
1.09
1.09
1.09
1.10
1.10
1.10
1.10
1.10
1.10
1.10
1.10
1.10
1.10
1.09
1.09
1.09
1.08
1.08
1.08
1.07
1.07
1.06
1.05
1.05
1.04
1.04
1.03
1.02
1.02
1.01
1.01
1.00
0.99
0.99
0.98
0.97
0.97
0.96
0.95
0.95
0.94
0.93
0.93
0.92
0.91
0.91
0.90
0.90
0.89
0.88
0.88
0.87
0.87
0.86
0.86
0.86
0.86
0.85
0.85
0.85
0.84
0.84
0.83
0.83
0.82
0.82
0.82
0.81
0.81
0.80
0.79
0.79
0.78
0.78
0.77
0.76
0.76
0.75
0.75
0.74
0.74
0.73
0.72
0.72
0.71
0.70
0.70
0.69
0.68
0.67
0.67
0.66
0.65
0.64
0.63
0.63
0.62
0.61
0.60
0.59
0.58
0.57
0.56
0.55
0.54
0.53
0.52
0.51
0.50
0.48
0.47
0.46
0.45
0.43
0.42
0.40
0.39
0.38
0.36
0.34
0.32
0.31
0.30
0.29
0.28
0.28
0.27
0.27
0.27
0.27
0.27
0.27
0.27
0.27
0.27
0.27
0.28
0.28
0.28
0.28
0.29
0.29
0.29
0.30
0.30
0.30
0.31
0.31
0.31
0.32
0.32
0.32
0.32
0.33
0.33
0.33
0.33
0.34
0.34
0.34
0.34
0.35
0.35
0.35
0.35
0.35
0.35
0.35
0.35
0.35
0.35
0.36
0.36
0.36
0.36
0.37
0.37
0.38
0.38
0.39
0.39
0.39
0.39
0.39
0.39
0.39
0.39
0.39
0.39
0.39
0.39
0.39
0.39
0.39
0.39
0.39
0.38
0.38
0.38
0.38
0.37
0.37
0.37
0.37
0.37
0.37
0.37
0.37
0.37
0.37
0.37
0.37
0.37
0.37
0.37
0.38
0.38
0.38
0.38
0.38
0.38
0.38
0.38
0.38
0.38
0.38
0.38
0.38
0.38
0.38
0.38
0.38
0.37
0.37
0.37
0.37
0.37
0.38
0.38
0.38
0.38
0.38
0.38
0.38
0.38
0.38
0.38
0.38
0.38
0.38
0.38
0.38
0.38
0.38
0.38
0.38
0.38
0.38
0.38
0.38
0.37
0.37
0.37
0.37
0.37
0.37
0.37
0.37
0.37
0.37
0.37
0.37
0.37
0.37
0.37
0.37
0.37
0.37
0.37
0.37
0.38
0.38
0.38
0.38
0.38
0.38
0.37
0.37
0.37
0.37
0.37
0.37
0.37
0.37
0.38
0.38
0.38
0.38
0.38
0.38
0.38
0.38
0.38
0.38
0.38
0.38
0.38
0.38
0.38
0.38
0.38
0.38
0.38
0.38
0.38
0.38
0.37
0.37
0.37
0.37
0.37
0.37
0.37
0.37
0.37
0.37
0.37
0.37
0.37
0.37
0.37
0.37
0.37
0.37
0.37
0.38
0.38
0.38
0.38
0.38
0.38
0.38
0.38
0.38
0.38
0.38
0.38
0.38
0.38
0.38
0.38
0.38
0.38
0.38
0.38
0.38
0.38
0.38
0.38
0.38
0.38
0.38
0.38
0.38
0.38
0.38
0.38
0.38
0.38
0.38
0.38
0.38
0.38
0.38
0.38
0.38
0.38
0.38
0.38
0.38
0.38
0.38
0.38
0.38
0.38
0.38
0.38
0.38
0.38
0.38
0.38
0.38
0.38
0.38
0.38
0.38
0.38
0.38
0.38
0.38
0.38
0.38
0.38
0.38
0.38
0.38
0.38
0.38
0.38
0.38
0.37
0.37
0.37
0.37
0.37
0.37
0.37
0.37
0.37
0.37
0.37
0.37
0.37
0.37
0.37
0.37
0.37
0.37
0.37
0.37
0.37
0.37
0.37
0.37
0.37
0.37
0.37
0.37
0.37
0.37
0.37
0.37
0.37
0.37
0.37
0.37
0.37
0.37
0.37
0.37
0.37
0.37
0.37
0.37
0.37
0.37
0.37
0.37
0.37
0.37
0.37
0.37
0.37
0.37
0.37
0.37
0.37
0.37
0.37
0.37
0.37
0.37
0.37
0.37
0.37
0.37
0.37
0.37
0.37
0.37
0.37
0.37
0.37
0.37
0.37
0.37
0.37
0.37
0.37
0.37
0.37
0.37
0.37
0.37
0.37
0.37
0.37
0.37
0.37
0.37
0.37
0.37
0.37
0.37
0.37
0.37
0.37
0.37
0.37
0.37
0.37
0.37
0.37
0.37
0.37
0.37
0.37
0.37
0.37
0.37
0.37
0.37
0.37
0.37
0.37
0.37
0.37
0.37
0.37
0.37
0.37
0.37
0.37
0.37
0.37
0.37
0.37
0.37
0.37
0.37
0.37
0.37
0.37
0.37
0.37
0.37
0.37
0.37
0.37
0.37
0.37
0.37
0.37
0.37
0.37
0.37
0.37
0.37
0.37
0.37
0.37
0.37
0.37
0.37
0.37
0.37
0.37
0.37
0.37
0.37
0.37
0.37
0.37
0.37
0.37
0.37
0.37
0.37
0.37
0.37
0.37
0.37
0.37
0.37
0.37
0.37
0.37
0.37
0.37
0.37
0.37
0.37
0.37
0.37
0.37
0.37
0.37
0.37
0.37
0.37
0.37
0.37
0.37
0.37
0.37
0.37
0.37
0.37
0.37
0.37
0.37
0.37
0.37
0.37
0.37
0.37
0.37
0.37
0.37
0.37
0.37
0.37
0.37
0.37
0.37
0.37
0.37
0.37
0.37
0.37
0.37
0.37
0.37
0.37
0.37
0.37
0.37
0.37
0.37
0.37
0.37
0.37
0.37
0.37
0.37
0.37
0.37
0.37
0.37
0.37
0.37
0.37
0.37
0.37
0.37
0.37
0.37
0.37
0.37
0.37
0.37
0.37
0.37
0.37
0.37
0.37
0.37
0.37
0.37
0.37
0.37
0.37
0.37
0.37
0.37
0.37
0.37
0.37
0.37
0.37
0.37
0.37
0.37
0.37
0.37
0.37
0.37
0.37
0.37
0.37
0.37
0.37
0.37
0.37
0.37
0.37
0.37
0.37
0.37
0.37
0.37
0.37
0.37
0.37
0.37
0.37
0.37
0.37
0.37
0.37
0.37
0.37
0.37
0.37
0.37
0.37
0.37
0.37
0.37
0.37
0.37
0.37
0.37
0.37
0.37
0.37
0.37
0.37
0.37
0.37
0.37
0.37
0.37
0.37
0.37
0.37
0.37
0.37
0.37
0.37
0.37
0.37
0.37
0.37
0.37
0.37
0.37
0.37
0.37
0.37
0.37
0.37
0.37
0.37
0.37
0.37
0.37
0.37
0.37
0.37
0.37
0.37
0.37
0.37
0.37
0.37
0.37
0.37
0.37
0.37
0.37
0.37
0.37
0.37
0.37
0.37
0.37
0.37
0.37
0.37
0.37
0.37
0.37
0.37
0.37
0.37
0.37
0.37
0.37
0.37
0.37
0.37
0.37
0.37
0.37
0.37
0.37
0.37
0.37
0.37
0.37
0.37
0.37
0.37
0.37
0.37
0.37
0.37
0.37
0.37
0.37
0.37
0.37
0.37
0.37
0.37
0.37
0.37
0.37
0.37
0.37
0.37
0.37
0.37
0.37
0.37
0.37
0.37
0.37
0.37
0.37
0.37
0.37
0.37
0.37
0.37
0.37
0.37
0.37
0.37
0.37
0.37
0.37
0.37
0.37
0.37
0.37
0.37
0.37
0.37
0.37
0.37
0.37
0.37
0.37
0.37
0.37
0.37
0.37
0.37
0.37
0.37
0.37
0.37
0.37
0.37
0.37
0.37
0.37
0.37
0.37
0.37
0.37
0.37
0.37
0.37
0.37
0.37
0.37
0.37
0.37
0.37
0.37
0.37
0.37
0.37
0.37
0.37
0.37
0.37
0.37
0.37
0.37
0.37
0.37
0.37
0.37
0.37
0.37
0.37
0.37
0.37
0.37
0.37
0.37
0.37
0.37
0.37
0.37
0.37
0.37
0.37
0.37
0.37
0.37
0.37
0.37
0.37
0.37
0.37
0.37
0.37
0.37
0.37
0.37
0.37
0.37
0.37
0.37
0.37
0.37
0.37
0.37
0.37
0.37
0.37
0.37
0.37
0.37
0.37
0.37
0.37
0.37
0.37
0.37
0.37
0.37
0.37
0.37
0.37
0.37
0.37
0.37
0.37
0.37
0.37
0.37
0.37
0.37
0.37
0.37
0.37
0.37
0.37
0.37
0.37
0.37
0.37
0.37
0.37
0.37
0.37
0.37
0.37
0.37
0.37
0.37
0.37
0.37
0.37
0.37
0.37
0.37
0.37
0.37
0.37
0.37
0.37
0.37
0.37
0.37
0.37
0.37
0.37
0.37
0.37
0.37
0.37
0.37
0.37
0.37
0.37
0.37
0.37
0.37
0.37
0.37
0.37
0.37
0.37
0.37
0.37
0.37
0.37
0.37
0.37
0.37
0.37
0.37
0.37
0.37
0.37
0.37
0.37
0.37
0.37
0.37
0.37
0.37
0.37
0.37
0.37
0.37
0.37
0.37
0.37
0.37
0.37
0.37
0.37
0.37
0.37
0.37
0.37
0.37
0.37
0.37
0.37
0.37
0.37
0.37
0.37
0.37
0.37
0.37
0.37
0.37
0.37
0.37
0.37
0.37
0.37
0.37
0.37
0.37
0.37
0.37
0.37
0.37
0.37
0.37
0.37
0.37
0.37
0.37
0.37
0.37
0.37
0.37
0.37
0.37
0.37
0.37
0.37
0.37
0.37
0.37
0.37
0.37
0.37
0.37
0.37
0.37
0.37
0.37
0.37
0.37
0.37
0.37
0.37
0.37
0.37
0.37
0.37
0.37
0.37
0.37
0.37
0.37
0.37
0.37
0.37
0.37
0.37
0.37
0.37
0.37
0.37
0.37
0.37
0.37
0.37
0.37
0.37
0.37
0.37
0.37
0.37
0.37
0.37
0.37
0.37
0.37
0.37
0.37
0.37
0.37
0.37
0.37
0.37
0.37
0.37
0.37
0.37
0.37
0.37
0.37
0.37
0.37
0.37
0.37
0.37
0.37
0.37
0.37
0.37
0.37
0.37
0.37
0.37
0.37
0.37
0.37
0.37
0.37
0.37
0.37
0.37
0.37
0.37
0.37
0.37
0.37
0.37
0.37
0.37
0.37
0.37
0.37
0.37
0.37
0.37
0.37
0.37
0.37
0.37
0.37
0.37
0.37
0.37
0.37
0.37
0.37
0.37
0.37
0.37
0.37
0.37
0.37
0.37
0.37
0.37
0.37
0.37
0.37
0.37
0.37
0.37
0.37
0.37
0.37
0.37
0.37
0.37
0.37
0.37
0.37
0.37
0.37
0.37
0.37
0.37
0.37
0.37
0.37
0.37
0.37
0.37
0.37
0.37
0.37
0.37
0.37
0.37
0.37
0.37
0.37
0.37
0.37
0.37
0.37
0.37
0.37
0.37
0.37
0.37
0.37
0.37
0.37
0.37
0.37
0.37
0.37
0.37
0.37
0.37
0.37
0.37
0.37
0.37
0.37
0.37
0.37
0.37
0.37
0.37
0.37
0.37
0.37
0.37
0.37
0.37
0.37
0.37
0.37
0.37
0.37
0.37
0.37
0.37
0.37
0.37
0.37
0.37
0.37
0.37
0.37
0.37
0.37
0.37
0.37
0.37
0.37
0.37
0.37
0.37
0.37
0.37
0.37
0.37
0.37
0.37
0.37
0.37
0.37
0.37
0.37
0.37
0.37
0.37
0.37
0.37
0.37
0.37
0.37
0.37
0.37
0.37
0.37
0.37
0.37
0.37
0.37
0.37
0.37
0.37
0.37
0.37
0.37
0.37
0.37
0.37
0.37
0.37
0.37
0.37
0.37
0.37
0.37
0.37
0.37
0.37
0.37
0.37
0.37
0.37
0.37
0.37
0.37
0.37
0.37
0.37
0.37
0.37
0.37
0.37
0.37
0.37
0.37
0.37
0.37
0.37
0.37
0.37
0.37
0.37
0.37
0.37
0.37
0.37
0.37
0.37
0.37
0.37
0.37
0.37
0.37
0.37
0.37
0.37
0.37
0.37
0.37
0.37
0.37
0.37
0.37
0.37
0.37
0.37
0.37
0.37
0.37
0.37
0.37
0.37
0.37
0.37
0.37
0.37
0.37
0.37
0.37
0.37
0.37
0.37
0.37
0.37
0.37
0.37
0.37
0.37
0.37
0.37
0.37
0.37
0.37
0.37
0.37
0.37
0.37
0.37
0.37
0.37
0.37
0.37
0.37
0.37
0.37
0.37
0.37
0.37
0.37
0.37
0.37
0.37
0.37
0.37
0.37
0.37
0.37
0.37
0.37
0.37
0.37
0.37
0.37
0.37
0.37
0.37
0.37
0.37
0.37
0.37
0.37
0.37
0.37
0.37
0.37
0.37
0.37
0.37
0.37
0.37
0.37
0.37
0.37
0.37
0.37
0.37
0.37
0.37
0.37
0.37
0.37
0.37
0.37
0.37
0.37
0.37
0.37
0.37
0.37
0.37
0.37
0.37
0.37
0.37
0.37
0.37
0.37
0.37
0.37
0.37
0.37
0.37
0.37
0.37
0.37
0.37
0.37
0.37
0.37
0.37
0.37
0.37
0.37
0.37
0.37
0.37
0.37
0.37
0.37
0.37
0.37
0.37
0.37
0.37
0.37
0.37
0.37
0.37
0.37
0.37
0.37
0.37
0.37
0.37
0.37
0.37
0.37
0.37
0.37
0.37
0.37
0.37
0.37
0.37
0.37
0.37
0.37
0.37
0.37
0.37
0.37
0.37
0.37
0.37
0.37
0.37
0.37
0.37
0.37
0.37
0.37
0.37
0.37
0.37
0.37
0.37
0.37
0.37
0.37
0.37
0.37
0.37
0.37
0.37
0.37
0.37
0.37
0.37
0.37
0.37
0.37
0.37
0.37
0.37
0.37
0.37
0.37
0.37
0.37
0.37
0.37
0.37
0.37
0.37
0.37
0.37
0.37
0.37
0.37
0.37
0.37
0.37
0.37
0.37
0.37
0.37
0.37
0.37
0.37
0.37
0.37
0.37
0.37
0.37
0.37
0.37
0.37
0.37
0.37
0.37
0.37
0.37
0.37
0.37
0.37
0.37
0.37
0.37
0.37
0.37
0.37
0.37
0.37
0.37
0.37
0.37
0.37
0.37
0.37
0.37
0.37
0.37
0.37
0.37
0.37
0.37
0.37
0.37
0.37
0.37
0.37
0.37
0.37
0.37
0.37
0.37
0.37
0.37
0.37
0.37
0.37
0.37
0.37
0.37
0.37
0.37
0.37
0.37
0.37
0.37
0.37
0.37
0.37
0.37
0.37
0.37
0.37
0.37
0.37
0.37
0.37
0.37
0.37
0.37
0.37
0.37
0.37
0.37
0.37
0.37
0.37
0.37
0.37
0.37
0.37
0.37
0.37
0.37
0.37
0.37
0.37
0.37
0.37
0.37
0.37
0.37
0.37
0.37
0.37
0.37
0.37
0.37
0.37
0.37
0.37
0.37
0.37
0.37
0.37
0.37
0.37
0.37
0.37
0.37
0.37
0.37
0.37
0.37
0.37
0.37
0.37
0.37
0.37
0.37
0.37
0.37
0.37
0.37
0.37
0.37
0.37
0.37
0.37
0.37
0.37
0.37
0.37
0.37
0.37
0.37
0.37
0.37
0.37
0.37
0.37
0.37
0.37
0.37
0.37
0.37
0.37
0.37
0.37
0.37
0.37
0.37
0.37
0.37
0.37
0.37
0.37
0.37
0.37
0.37
0.37
0.37
0.37
0.37
0.37
0.37
0.37
0.37
0.37
0.37
0.37
0.37
0.37
0.37
0.37
0.37
0.37
0.37
0.37
0.37
0.37
0.37
0.37
0.37
0.37
0.37
0.37
0.37
0.37
0.37
0.37
0.37
0.37
0.37
0.37
0.37
0.37
0.37
0.37
0.37
0.37
0.37
0.37
0.37
0.37
0.37
0.37
0.37
0.37
0.37
0.37
0.37
0.37
0.37
0.37
0.37
0.37
0.37
0.37
0.37
0.37
0.37
0.37
0.37
0.37
0.37
0.37
0.37
0.37
0.37
0.37
0.37
0.37
0.37
0.37
0.37
0.37
0.37
0.37
0.37
0.37
0.37
0.37
0.37
0.37
0.37
0.37
0.37
0.37
0.37
0.37
0.37
0.37
0.37
0.37
0.37
0.37
0.37
0.37
0.37
0.37
0.37
0.37
0.37
0.37
0.37
0.37
0.37
0.37
0.37
0.37
0.37
0.37
0.37
0.37
0.37
0.37
0.37
0.37
0.37
0.37
0.37
0.37
0.37
0.37
0.37
0.37
0.37
0.37
0.37
0.37
0.37
0.37
0.37
0.37
0.37
0.37
0.37
0.37
0.37
0.37
0.37
0.37
0.37
0.37
0.37
0.37
0.37
0.37
0.37
0.37
0.37
0.37
0.37
0.37
0.37
0.37
0.37
0.37
0.37
0.37
0.37
0.37
0.37
0.37
0.37
0.37
0.37
0.37
0.37
0.37
0.37
0.37
0.37
0.37
0.37
0.37
0.37
0.37
0.37
0.37
0.37
0.37
0.37
0.37
0.37
0.37
0.37
0.37
0.37
0.37
0.37
0.37
0.37
0.37
0.37
0.37
0.37
0.37
0.37
0.37
0.37
0.37
0.37
0.37
0.37
0.37
0.37
0.37
0.37
0.37
0.37
0.37
0.37
0.37
0.37
0.37
0.37
0.37
0.37
0.37
0.37
0.37
0.37
0.37
0.37
0.37
0.37
0.37
0.37
0.37
0.37
0.37
0.37
0.37
0.37
0.37
0.37
0.37
0.37
0.37
0.37
0.37
0.37
0.37
0.37
0.37
0.37
0.37
0.37
0.37
0.37
0.37
0.37
0.37
0.37
0.37
0.37
0.37
0.37
0.37
0.37
0.37
0.37
0.37
0.37
0.37
0.37
0.37
0.37
0.37
0.37
0.37
0.37
0.37
0.37
0.37
0.37
0.37
0.37
0.37
0.37
0.37
0.37
0.37
0.37
0.37
0.37
0.37
0.37
0.37
0.37
0.37
0.37
0.37
0.37
0.37
0.37
0.37
0.37
0.37
0.37
0.37
0.37
0.37
0.37
0.37
0.37
0.37
0.37
0.37
0.37
0.37
0.37
0.37
0.37
0.37
0.37
0.37
0.37
0.37
0.37
0.37
0.37
0.37
0.37
0.37
0.37
0.37
0.37
0.37
0.37
0.37
0.37
0.37
0.37
0.37
0.37
0.37
0.37
0.37
0.37
0.37
0.37
0.37
0.37
0.37
0.37
0.37
0.37
0.37
0.37
0.37
0.37
0.37
0.37
0.37
0.37
0.37
0.37
0.37
0.37
0.37
0.37
0.37
0.37
0.37
0.37
0.37
0.37
0.37
0.37
0.37
0.37
0.37
0.37
0.37
0.37
0.37
0.37
0.37
0.37
0.37
0.37
0.37
0.37
0.37
0.37
0.37
0.37
0.37
0.37
0.37
0.37
0.37
0.37
0.37
0.37
0.37
0.37
0.37
0.37
0.37
0.37
0.37
0.37
0.37
0.37
0.37
0.37
0.37
0.37
0.37
0.37
0.37
0.37
0.37
