1.13
1.14
1.14
0.98
1.08
1.06
0.96
1.03
0.92
1.09
0.96
0.95
0.94
0.84
0.85
0.85
0.79
0.78
0.72
0.70
0.80
0.68
0.73
0.59
0.71
0.73
0.57
0.65
0.50
0.56
0.44
0.44
0.40
0.41
0.29
0.29
0.22
0.19
0.15
0.12
0.06
0.03
-0.01
-0.05
-0.08
-0.12
-0.13
-0.17
-0.18
-0.19
-0.18
-0.22
-0.24
-0.23
-0.27
-0.25
-0.28
-0.26
-0.28
-0.25
-0.22
-0.18
-0.14
-0.12
-0.09
-0.10
-0.09
-0.08
-0.07
-0.06
-0.05
-0.04
-0.03
-0.02
-0.02
-0.01
-0.00
0.01
0.01
0.02
0.03
0.03
0.04
0.04
0.06
0.05
0.08
0.07
0.11
0.09
0.13
0.11
0.16
0.13
0.19
0.16
0.18
0.18
0.20
0.19
0.26
0.22
0.21
0.25
0.23
0.23
0.21
0.21
0.17
0.18
0.17
0.15
0.14
0.13
0.08
0.07
0.02
-0.01
0.01
-0.00
0.05
0.07
0.12
0.17
0.21
0.24
0.28
0.32
0.35
0.34
0.37
0.40
0.43
0.45
0.40
0.43
0.46
0.49
0.51
0.47
0.49
0.51
0.54
0.53
0.53
0.51
0.48
0.39
0.41
0.33
0.22
0.19
0.11
0.17
0.22
0.27
0.32
0.28
0.38
0.36
0.43
0.34
0.47
0.45
0.57
0.47
0.58
0.53
0.56
0.51
0.51
0.54
0.55
0.56
0.53
0.52
0.47
3.11
3.17
2.38
2.47
1.88
2.02
1.45
1.30
1.52
1.58
1.36
1.49
1.43
1.37
1.18
1.26
0.89
0.98
1.02
0.73
0.80
0.72
0.78
0.71
0.76
0.64
0.69
0.57
0.62
0.52
0.56
0.46
0.50
0.44
0.47
0.35
0.39
0.32
0.35
0.25
0.28
0.30
0.21
0.23
0.20
0.22
0.16
0.18
0.19
0.20
0.16
0.17
0.14
0.14
0.12
0.12
0.09
0.09
0.09
0.06
0.06
0.05
0.04
0.02
0.03
0.02
-0.01
-0.03
-0.04
-0.08
-0.13
-0.19
-0.23
-0.24
-0.18
-0.19
-0.20
-0.20
-0.20
-0.21
-0.19
-0.20
-0.20
-0.22
-0.18
-0.21
-0.18
-0.21
-0.17
-0.20
-0.23
-0.18
-0.34
-0.21
-0.27
-0.32
-0.33
-0.37
-0.37
-0.39
-0.32
-0.35
-0.35
-0.40
-0.33
-0.33
-0.40
-0.35
-0.40
-0.46
-0.42
-0.48
-0.45
-0.49
-0.44
-0.50
-0.51
-0.57
-0.49
-0.56
-0.59
-0.52
-0.60
-0.65
-0.54
-0.61
-0.65
-0.65
-0.72
-0.79
-0.73
-0.70
-0.49
-0.56
-0.64
-0.64
-0.70
-0.78
-0.95
-0.91
-0.62
-0.48
-0.56
-0.60
-0.68
-0.73
-0.81
-0.77
-0.85
-0.88
-0.77
-0.65
-0.69
-0.58
-0.62
-0.48
-0.58
-0.59
-0.68
-0.74
-0.71
-0.79
-0.86
-0.73
-0.78
-0.92
-0.77
-0.52
-0.57
-0.63
-0.67
-0.74
-0.80
-0.88
-0.93
-0.78
-0.90
-0.94
-0.90
-0.96
-0.79
-0.85
-0.87
-0.93
-0.97
-0.85
-0.79
-0.74
-0.72
-0.78
-0.84
-0.88
-0.91
-0.87
-0.92
-0.75
-0.89
-0.90
-0.94
-0.87
-0.95
-0.86
-1.00
-0.75
-0.88
-0.90
-0.76
-0.90
-0.89
-0.91
-0.60
-0.65
-0.63
-0.71
-0.60
-0.73
-0.64
-0.68
-0.61
-0.88
-0.73
-1.05
-0.74
-1.29
-0.78
-1.07
-0.62
-1.19
-0.74
-1.02
-0.61
-1.17
-0.69
-1.16
-0.73
-1.08
-0.73
-1.13
-0.67
-1.21
-0.77
-1.30
-0.85
-1.31
-0.86
-1.34
-0.90
-1.39
-0.98
-1.22
-0.83
-1.23
-0.83
-1.29
-0.94
-1.15
-0.84
-1.15
-0.85
-1.23
-0.94
-1.07
-1.01
-1.04
-1.09
-0.97
-1.03
-1.06
-1.09
-1.06
-0.87
-0.91
-0.86
-0.90
-0.90
-0.77
-0.90
-0.91
-0.87
-0.78
-0.70
-0.52
-0.66
-0.54
-0.60
-0.52
-0.57
-0.50
-0.55
-0.41
-0.63
-0.52
-0.53
-0.54
-0.50
-0.50
-0.42
-0.42
-0.37
-0.37
-0.35
-0.27
-0.31
-0.21
-0.25
-0.15
-0.15
-0.08
-0.03
0.03
0.09
0.14
0.22
0.26
0.36
0.39
0.49
0.51
0.63
0.64
0.78
0.80
0.96
1.01
1.30
1.34
1.68
1.79
1.99
2.37
2.76
3.21
3.50
4.08
4.63
5.23
0.70
0.59
0.53
0.52
0.47
0.46
0.33
0.36
0.38
0.24
0.27
0.24
0.27
0.16
0.18
0.18
0.16
0.18
0.10
0.13
0.14
0.09
0.11
0.09
0.11
0.12
0.13
0.13
0.13
0.13
0.13
0.11
0.13
0.10
0.11
0.10
0.11
0.08
0.10
0.08
0.09
0.06
0.07
0.08
0.06
0.07
0.06
0.06
0.06
0.07
0.08
0.08
0.07
0.07
0.05
0.06
0.07
0.04
0.09
0.07
0.04
0.02
0.06
0.10
0.08
0.06
0.05
0.05
0.05
0.04
0.04
0.04
0.04
0.03
0.03
0.03
0.03
0.03
0.02
0.02
0.02
0.02
0.01
0.01
0.01
0.01
0.01
0.01
0.01
0.00
0.00
0.00
0.00
-0.00
-0.00
-0.01
-0.01
-0.01
-0.01
-0.01
-0.01
-0.01
-0.01
-0.01
-0.01
-0.01
-0.02
-0.02
-0.02
-0.02
-0.02
-0.02
-0.03
-0.03
-0.03
-0.02
-0.02
-0.02
-0.02
-0.02
-0.02
-0.03
-0.04
-0.04
-0.03
-0.03
-0.04
-0.03
-0.03
-0.04
-0.04
-0.04
-0.04
-0.04
-0.03
-0.04
-0.04
-0.04
-0.04
-0.04
-0.03
-0.03
-0.05
-0.03
-0.04
-0.04
-0.05
-0.05
-0.03
-0.04
-0.06
-0.03
-0.04
-0.04
-0.05
-0.05
-0.06
-0.06
-0.06
-0.05
-0.04
-0.06
-0.05
-0.05
-0.05
-0.05
-0.06
-0.06
-0.05
-0.05
-0.03
-0.03
-0.04
-0.03
-0.04
-0.04
-0.04
-0.05
-0.05
-0.05
-0.05
-0.06
-0.05
-0.05
-0.05
-0.04
-0.03
-0.03
-0.03
-0.03
-0.03
-0.04
-0.04
-0.04
-0.03
-0.03
-0.04
-0.05
-0.04
-0.04
-0.04
-0.04
-0.04
-0.04
-0.04
-0.04
-0.04
-0.04
-0.04
-0.04
-0.03
-0.04
-0.04
-0.03
-0.04
-0.03
-0.04
-0.03
-0.04
-0.03
-0.03
-0.02
-0.02
-0.02
-0.02
-0.02
-0.02
-0.02
-0.02
-0.02
-0.02
-0.02
-0.02
-0.01
-0.02
-0.01
-0.01
-0.01
-0.01
-0.01
-0.01
-0.01
-0.01
-0.01
-0.01
-0.00
-0.00
-0.00
0.00
0.00
0.00
0.00
0.01
0.01
0.01
0.01
0.01
0.01
0.02
0.02
0.03
0.02
0.04
0.02
0.05
0.03
0.06
0.04
0.07
0.05
0.06
0.06
0.04
0.08
0.05
0.09
0.07
0.10
0.08
0.10
0.09
0.12
0.09
0.14
0.10
0.15
0.13
0.16
0.14
0.17
0.16
0.19
0.20
0.19
0.16
0.12
0.15
0.14
0.14
0.16
0.19
0.14
0.17
0.19
0.21
0.23
0.21
0.23
0.21
0.23
0.25
0.26
0.20
0.24
0.24
0.26
0.27
0.22
0.28
0.23
0.28
0.29
0.30
0.23
0.34
0.27
0.35
0.29
0.41
0.33
0.34
0.31
0.35
0.27
0.40
0.33
0.37
0.33
0.37
0.33
0.37
0.30
0.39
0.30
0.43
0.37
0.41
0.36
0.40
0.34
0.43
0.36
0.45
0.42
0.46
0.38
0.46
0.42
0.47
0.46
0.47
0.44
0.47
0.51
0.54
0.55
0.54
0.52
0.48
1.66
1.34
1.05
1.02
0.82
0.70
0.69
0.43
0.45
0.45
0.30
0.32
0.26
0.28
0.15
0.18
0.20
0.12
0.14
0.12
0.13
0.08
0.10
0.08
0.09
0.06
0.07
0.07
0.07
0.06
0.06
0.05
0.04
0.03
0.02
0.01
-0.00
-0.01
-0.01
-0.02
-0.03
-0.04
-0.04
-0.06
-0.06
-0.08
-0.05
-0.07
-0.08
-0.07
-0.08
-0.11
-0.14
-0.18
-0.16
-0.10
-0.05
-0.17
-0.27
-0.23
-0.23
-0.24
-0.25
-0.26
-0.26
-0.28
-0.25
-0.27
-0.30
-0.30
-0.29
-0.32
-0.26
-0.26
-0.24
-0.27
-0.28
-0.25
-0.21
-0.24
-0.29
-0.33
-0.35
-0.39
-0.39
-0.37
-0.24
-0.29
-0.36
-0.25
-0.34
-0.37
-0.39
-0.43
-0.42
-0.47
-0.48
-0.54
-0.48
-0.36
-0.45
-0.35
-0.41
-0.48
-0.51
-0.51
-0.56
-0.54
-0.60
-0.43
-0.37
-0.46
-0.35
-0.44
-0.44
-0.47
-0.55
-0.56
-0.57
-0.61
-0.43
-0.36
-0.39
-0.48
-0.57
-0.54
-0.63
-0.83
-0.53
-0.49
-0.48
-0.40
-0.47
-0.55
-0.62
-0.50
-0.59
-0.62
-0.50
-0.59
-0.56
-0.61
-0.67
-0.66
-0.67
-0.64
-0.69
-0.53
-0.64
-0.72
-0.60
-0.66
-0.73
-0.68
-0.73
-0.61
-0.73
-0.60
-0.71
-0.59
-0.65
-0.61
-0.56
-0.37
-0.48
-0.60
-0.66
-0.60
-0.62
-0.43
-0.52
-0.62
-0.42
-0.51
-0.59
-0.68
-0.77
-0.95
-0.80
-0.57
-0.67
-0.63
-0.75
-0.69
-0.67
-0.65
-0.70
-0.57
-0.61
-0.70
-0.72
-0.93
-0.89
-0.59
-0.69
-0.75
-0.61
-0.66
-0.68
-0.54
-0.64
-0.68
-0.65
-0.68
-0.68
-0.53
-0.63
-0.64
-0.67
-0.71
-0.69
-0.56
-0.59
-0.62
-0.56
-0.59
-0.51
-0.73
-0.60
-0.86
-0.69
-0.99
-0.69
-1.19
-0.69
-1.08
-0.73
-1.02
-0.74
-1.02
-0.75
-1.02
-0.70
-1.10
-0.61
-1.17
-0.71
-1.24
-0.84
-1.07
-0.76
-1.09
-0.68
-1.20
-0.75
-1.26
-0.83
-1.25
-0.82
-1.32
-0.89
-1.31
-0.90
-1.15
-0.74
-1.17
-0.79
-1.25
-0.91
-1.05
-1.06
-1.07
-0.85
-1.00
-0.82
-0.93
-0.93
-0.98
-0.76
-1.12
-0.81
-0.95
-0.84
-0.88
-0.92
-0.80
-0.96
-0.99
-0.94
-0.75
-0.78
-0.72
-0.76
-0.75
-0.70
-0.73
-0.55
-0.84
-0.65
-0.71
-0.58
-0.74
-0.61
-0.66
-0.54
-0.67
-0.54
-0.65
-0.52
-0.60
-0.45
-0.52
-0.38
-0.50
-0.41
-0.41
-0.40
-0.37
-0.28
-0.29
-0.23
-0.24
-0.21
-0.19
-0.12
-0.13
-0.07
-0.05
0.00
0.06
0.10
0.17
0.21
0.29
0.31
0.41
0.42
0.53
0.53
0.66
0.60
0.89
0.91
1.21
1.21
1.44
1.38
1.60
1.94
2.39
2.68
3.16
3.57
4.17
4.73
5.34
0.66
0.53
0.43
0.38
0.35
0.32
0.25
0.26
0.19
0.21
0.20
0.14
0.15
0.15
0.10
0.11
0.12
0.08
0.09
0.08
0.09
0.06
0.08
0.06
0.07
0.04
0.06
0.06
0.04
0.05
0.06
0.07
0.07
0.07
0.07
0.07
0.06
0.07
0.04
0.05
0.06
0.05
0.06
0.06
0.05
0.05
0.04
0.04
0.03
0.04
0.04
0.04
0.04
0.04
0.04
0.02
0.04
0.04
0.04
0.05
0.04
0.03
0.02
0.03
0.02
0.01
0.01
0.00
0.00
-0.00
-0.00
-0.01
-0.01
-0.01
-0.01
-0.01
-0.01
-0.01
-0.01
-0.01
-0.01
-0.02
-0.02
-0.03
-0.03
-0.02
-0.03
-0.03
-0.03
-0.03
-0.03
-0.03
-0.03
-0.03
-0.03
-0.04
-0.03
-0.04
-0.03
-0.04
-0.03
-0.04
-0.03
-0.04
-0.03
-0.03
-0.04
-0.03
-0.04
-0.06
-0.05
-0.05
-0.06
-0.06
-0.06
-0.06
-0.06
-0.06
-0.06
-0.05
-0.06
-0.06
-0.05
-0.06
-0.06
-0.06
-0.06
-0.05
-0.05
-0.05
-0.06
-0.05
-0.02
-0.03
-0.04
-0.03
-0.04
-0.04
-0.05
-0.06
-0.06
-0.06
-0.05
-0.05
-0.05
-0.04
-0.05
-0.04
-0.05
-0.06
-0.05
-0.06
-0.05
-0.07
-0.06
-0.06
-0.05
-0.05
-0.05
-0.05
-0.06
-0.05
-0.06
-0.05
-0.06
-0.06
-0.06
-0.05
-0.05
-0.05
-0.04
-0.04
-0.04
-0.04
-0.04
-0.04
-0.03
-0.03
-0.04
-0.03
-0.03
-0.03
-0.02
-0.02
-0.02
-0.02
-0.02
-0.02
-0.02
-0.02
-0.01
-0.01
-0.01
-0.01
-0.01
-0.01
-0.01
-0.01
-0.00
-0.00
-0.00
-0.00
0.00
0.00
0.00
0.01
0.01
0.01
0.01
0.01
0.01
0.02
0.01
0.03
0.02
0.04
0.02
0.05
0.03
0.06
0.04
0.07
0.05
0.07
0.05
0.08
0.06
0.10
0.08
0.10
0.07
0.11
0.09
0.13
0.10
0.09
0.10
0.11
0.11
0.12
0.12
0.14
0.12
0.14
0.13
0.14
0.15
0.14
0.18
0.19
0.20
0.15
0.17
0.15
0.17
0.15
0.18
0.13
0.18
0.14
0.19
0.13
0.20
0.19
0.21
0.23
0.21
0.24
0.22
0.25
0.27
0.23
