1.21
1.53
1.73
1.98
2.21
2.50
2.67
2.73
2.73
2.83
2.73
3.06
2.36
2.48
1.68
2.51
2.63
2.56
2.14
2.42
1.96
2.28
1.74
2.00
1.64
1.62
1.28
1.58
1.32
1.45
1.45
1.21
1.14
1.28
0.93
1.10
0.93
0.99
0.80
0.78
0.86
0.72
0.80
0.66
0.74
0.61
0.68
0.56
0.63
0.46
0.53
0.42
0.50
0.40
0.47
0.34
0.41
0.32
0.38
0.29
0.34
0.24
0.28
0.21
0.28
0.22
0.11
0.20
0.07
0.18
0.05
0.14
0.06
0.08
0.13
0.11
0.08
0.09
0.12
0.10
0.13
0.15
0.18
0.21
0.21
0.22
0.23
0.23
0.24
0.24
0.24
0.24
0.24
0.24
0.24
0.24
0.24
0.24
0.24
0.25
0.24
0.25
0.24
0.26
0.24
0.26
0.23
0.25
0.25
0.25
0.26
0.24
0.28
0.26
0.30
0.32
0.31
0.35
0.32
0.36
0.38
0.36
0.40
0.36
0.53
0.49
0.54
0.50
0.62
0.56
0.69
0.63
0.75
0.71
0.78
0.73
0.88
0.74
1.01
0.78
1.06
0.80
1.13
0.81
1.17
0.84
1.21
0.86
1.22
0.88
1.28
0.92
1.28
0.93
1.36
0.97
1.41
1.02
1.41
1.03
1.47
1.06
1.50
1.08
1.51
1.10
1.56
1.13
1.58
1.15
1.61
1.22
1.67
1.25
1.67
1.29
1.69
1.32
1.52
1.27
1.46
1.18
1.40
1.07
1.44
1.23
1.24
0.98
1.28
1.15
1.10
0.96
1.01
0.90
0.79
0.69
0.60
0.45
0.36
0.25
0.09
-0.10
-0.35
-0.59
-0.95
-1.41
-1.82
-2.47
-3.22
-3.89
-4.94
-6.20
5.39
5.28
4.83
4.32
3.40
2.88
2.00
1.62
1.39
1.02
0.72
0.39
0.13
-0.13
-0.42
-0.51
-0.79
-0.85
-1.13
-1.12
-1.42
-1.23
-1.44
-1.48
-1.33
-1.57
-1.50
-1.37
-1.54
-1.41
-0.77
-0.42
0.04
0.02
0.35
0.53
0.44
0.63
0.74
0.58
0.69
0.78
0.59
0.65
0.70
0.73
0.71
0.70
0.69
0.67
0.65
0.62
0.65
0.55
0.58
0.48
0.51
0.54
0.43
0.45
0.44
0.41
0.43
0.34
0.53
0.41
0.42
0.42
0.36
0.37
0.33
0.35
0.28
0.39
0.31
0.30
0.28
0.23
0.25
0.19
0.22
0.16
0.17
0.12
0.12
0.07
0.06
0.02
-0.00
-0.02
-0.06
-0.07
-0.12
-0.11
-0.17
-0.15
-0.23
-0.20
-0.29
-0.25
-0.36
-0.37
-0.41
-0.43
-0.47
-0.41
-0.48
-0.50
-0.49
-0.54
-0.57
-0.59
-0.63
-0.62
-0.68
-0.59
-0.80
-0.64
-0.88
-0.67
-0.97
-0.70
-1.04
-0.71
-1.10
-0.72
-1.16
-0.75
-1.19
-0.76
-1.24
-0.79
-1.27
-0.79
-1.33
-0.83
-1.35
-0.83
-1.42
-0.88
-1.43
-0.85
-1.27
-0.87
-1.39
-0.98
-1.43
-1.01
-1.55
-1.05
-1.59
-1.01
-1.73
-1.16
-1.52
-0.94
-1.68
-1.01
-1.77
-1.11
-1.88
-1.20
-1.95
-1.26
-2.01
-1.30
-2.03
-1.31
-2.09
-1.35
-2.09
-1.35
-2.20
-1.41
-2.23
-1.45
-2.27
-1.48
-2.35
-1.53
-2.35
-1.54
-2.47
-1.61
-2.53
-1.67
-2.57
-1.71
-2.68
-1.77
-2.70
-1.81
-2.83
-1.96
-2.98
-2.07
-3.02
-2.18
-3.22
-2.30
-3.29
-2.51
-3.10
-2.41
-3.16
-2.37
-3.28
-2.50
-3.39
-2.59
-3.54
-2.91
-2.95
-3.06
-2.79
-3.64
-3.00
-3.62
-3.40
-3.50
-3.33
-3.51
-3.29
-3.49
-3.41
-3.42
-3.66
-3.34
-3.58
-3.79
-3.41
-3.56
-3.66
-3.24
-3.26
-3.22
-2.77
-2.62
-2.38
-1.99
-1.47
-0.92
-0.22
-6.82
-6.87
-6.83
-6.75
-6.69
-6.32
-6.04
-5.26
-4.96
-4.15
-4.51
-3.61
-3.98
-3.42
-3.81
-2.99
-3.18
-3.00
-3.15
-2.74
-2.93
-2.64
-2.59
-2.73
-2.36
-2.48
-2.47
-2.16
-1.72
-1.11
-0.77
-0.35
-0.17
0.12
0.27
0.30
0.46
0.31
0.44
0.55
0.37
0.45
0.53
0.39
0.46
0.52
0.40
0.45
0.49
0.38
0.42
0.48
0.36
0.52
0.38
0.60
0.41
0.69
0.35
0.65
0.31
0.62
0.28
0.60
0.24
0.57
0.23
0.55
0.34
0.49
0.44
0.49
0.50
0.54
0.55
0.59
0.54
0.58
0.63
0.43
0.77
0.83
0.63
0.91
1.03
1.01
1.33
1.33
1.29
1.16
1.08
0.97
0.92
0.73
0.70
0.70
0.57
0.62
0.63
0.62
0.61
0.60
0.61
0.59
0.55
0.56
0.45
0.54
0.50
0.55
0.58
0.57
0.58
0.54
0.58
0.52
0.57
0.51
0.56
0.52
0.58
0.62
0.52
0.63
0.52
0.70
0.56
0.74
0.64
0.70
0.73
0.76
0.79
0.71
0.77
0.67
0.73
0.68
0.73
0.79
0.79
0.84
0.69
0.75
0.76
0.68
0.79
0.74
0.81
0.87
0.72
0.82
0.82
0.80
0.86
0.79
0.85
0.76
0.85
0.85
0.91
0.81
0.87
0.83
0.89
0.84
0.91
0.85
0.91
0.78
1.03
0.96
1.03
0.88
1.02
1.00
1.01
0.96
1.03
1.08
1.00
1.07
0.88
1.19
0.88
1.24
0.85
1.29
0.81
1.30
0.80
1.26
0.76
1.27
0.77
1.23
0.73
1.25
0.75
1.22
0.71
1.23
0.73
1.19
0.69
1.16
0.65
1.13
0.62
1.02
0.68
1.01
0.66
0.99
0.66
1.00
0.65
0.98
0.64
1.15
0.76
1.12
0.70
1.08
0.65
1.09
0.67
1.12
0.69
1.13
0.70
1.15
0.71
1.17
0.72
1.17
0.73
1.20
0.75
1.17
0.74
1.23
0.77
1.25
0.79
1.22
0.79
1.27
0.81
1.29
0.83
1.27
0.83
1.32
0.85
1.35
0.89
1.37
0.92
1.39
0.96
1.45
1.01
1.42
1.00
1.48
1.06
1.51
1.10
1.49
1.12
1.43
1.09
1.30
1.06
1.22
1.01
1.15
0.98
1.03
0.91
0.95
0.84
0.88
0.69
0.72
0.65
0.57
0.52
0.42
0.40
0.31
0.25
0.15
0.06
-0.04
-0.15
-0.25
-0.38
-0.58
-0.69
-0.93
-1.25
-1.38
-1.78
-2.25
-2.58
-3.20
-3.72
-4.53
-5.05
5.20
5.24
4.93
4.54
3.39
3.00
2.44
2.29
1.88
1.64
1.36
1.22
0.89
0.77
0.45
0.38
0.19
0.06
-0.05
-0.17
-0.25
-0.33
-0.37
-0.47
-0.49
-0.54
-0.44
-0.57
-0.47
-0.49
-0.39
-0.47
-0.40
-0.21
-0.04
0.09
0.20
0.28
0.35
0.37
0.42
0.40
0.43
0.39
0.40
0.34
0.35
0.31
0.30
0.25
0.24
0.19
0.19
0.17
0.15
0.12
0.11
0.08
0.07
0.05
0.03
0.02
0.00
-0.01
-0.03
-0.04
-0.06
-0.07
-0.08
-0.10
-0.09
-0.13
-0.16
-0.19
-0.21
-0.24
-0.22
-0.25
-0.28
-0.25
-0.29
-0.32
-0.35
-0.39
-0.37
-0.41
-0.41
-0.45
-0.45
-0.50
-0.52
-0.53
-0.59
-0.55
-0.60
-0.58
-0.64
-0.58
-0.71
-0.69
-0.75
-0.69
-0.78
-0.75
-0.83
-0.83
-0.90
-0.83
-0.97
-0.81
-1.21
-0.85
-1.25
-0.87
-1.32
-0.88
-1.39
-0.89
-1.44
-0.94
-1.46
-0.92
-1.52
-0.96
-1.57
-0.99
-1.61
-0.99
-1.67
-1.02
-1.41
-0.98
-1.59
-1.15
-1.62
-1.17
-1.66
-1.20
-1.70
-1.20
-1.97
-1.46
-1.82
-1.35
-2.09
-1.40
-2.19
-1.49
-2.25
-1.54
-2.32
-1.59
-2.38
-1.64
-2.42
-1.67
-2.47
-1.70
-2.56
-1.76
-2.56
-1.78
-2.70
-1.86
-2.76
-1.92
-2.80
-1.96
-2.92
-2.04
-2.94
-2.08
-3.08
-2.16
-3.18
-2.25
-3.23
-2.31
-3.36
-2.50
-3.50
-2.70
-3.64
-2.78
-3.82
-3.07
-3.52
-2.96
-4.00
-3.30
-3.92
-3.72
-3.65
-3.60
-3.50
-3.33
-4.08
-4.33
-4.02
-4.34
-4.56
-4.20
-4.39
-4.55
-4.14
-4.25
-4.32
-3.97
-3.92
-3.78
-3.21
-2.96
-2.60
-2.11
-1.42
-0.67
-6.88
-7.26
-7.38
-7.47
-7.56
-7.58
-6.04
-6.49
-6.09
-5.18
-4.93
-5.23
-4.15
-4.41
-4.06
-4.11
-3.85
-3.55
-2.07
-2.13
-2.18
-1.94
-2.29
-1.96
-2.05
-1.87
-2.10
-1.99
-1.96
-1.45
-1.12
-0.68
-0.49
-0.19
-0.08
0.13
0.21
0.36
0.31
0.42
0.46
0.45
0.53
0.43
0.49
0.50
0.48
0.53
0.42
0.46
0.46
0.41
0.46
0.34
0.60
0.48
0.52
0.49
0.52
0.41
0.67
0.56
0.59
0.49
0.66
0.55
0.61
0.58
0.60
0.62
0.64
0.66
0.66
0.66
0.65
0.63
0.52
0.55
0.55
0.46
0.48
0.50
0.51
0.51
0.51
0.48
0.45
0.46
0.37
0.39
0.41
0.39
0.41
0.39
0.40
0.36
0.37
0.33
0.35
0.34
0.35
0.34
0.34
0.33
0.33
0.31
0.32
0.30
0.32
0.29
0.31
0.27
0.29
0.30
0.26
0.27
0.26
0.28
0.29
0.24
0.26
0.27
0.26
0.28
0.27
0.28
0.27
0.28
0.23
0.25
0.26
0.23
0.25
0.26
0.26
0.27
0.29
0.27
0.28
0.28
0.30
0.27
0.29
0.25
0.27
0.27
0.26
0.28
0.30
0.29
0.31
0.27
0.29
0.29
0.30
0.33
0.31
0.34
0.30
0.33
0.32
0.34
0.35
0.38
0.36
0.39
0.35
0.42
0.37
0.46
0.37
0.53
0.39
0.56
0.40
0.60
0.42
0.64
0.43
0.67
0.45
0.69
0.46
0.72
0.49
0.74
0.49
0.79
0.55
0.80
0.53
0.84
0.57
0.88
0.60
0.88
0.60
0.94
0.63
0.98
0.67
1.02
0.70
1.08
0.79
1.14
0.80
1.20
0.92
1.13
0.92
1.15
0.90
1.20
0.90
1.34
1.08
1.26
1.05
1.49
1.15
1.59
1.31
1.17
1.57
1.38
1.59
1.38
1.59
1.39
1.59
1.32
1.70
1.45
1.67
1.58
1.74
1.63
1.79
1.68
1.77
1.72
1.71
1.86
1.75
1.87
1.99
1.86
1.92
1.95
1.78
1.74
1.64
1.44
2.72
2.72
2.87
2.73
2.55
2.03
2.38
1.89
1.76
1.58
1.67
1.35
1.44
1.10
1.16
1.16
1.10
0.77
0.94
0.64
0.61
0.50
0.59
0.44
0.41
0.26
0.35
0.15
0.18
0.21
0.13
-0.07
-0.14
-0.29
-0.35
-0.49
-0.48
-0.60
-0.64
-0.76
-0.72
-0.83
-0.79
-0.90
-0.92
-1.01
-0.91
-1.02
-0.98
-1.09
-1.15
-1.19
-1.23
-1.25
-1.15
-1.26
-1.06
-1.17
-1.27
-1.18
-1.29
-1.40
-1.33
-1.44
-1.28
-1.39
-1.47
-1.30
-1.42
-1.50
-1.38
-1.50
-1.61
-1.45
-1.78
-1.67
-1.80
-1.79
-1.91
-1.65
-2.20
-1.74
-2.32
-1.77
-2.50
-1.79
-2.60
-1.82
-2.66
-1.87
-2.71
-1.90
-2.78
-1.96
-2.83
-1.98
-2.82
-2.00
-2.93
-2.06
-2.99
-2.10
-3.05
-2.13
-3.03
-2.33
-2.93
-2.34
-2.94
-2.35
-2.94
-2.31
-3.13
-2.26
-3.23
-2.39
-3.40
-2.50
-3.46
-2.59
-3.58
-2.72
-3.63
-2.78
-3.75
-2.91
-3.83
-3.00
-3.85
-3.02
-3.91
-3.16
-3.95
-3.17
-3.87
-3.35
-3.39
-3.21
-3.46
-3.10
-3.30
-2.98
-3.12
-2.81
-3.13
-3.17
-2.76
-2.73
-2.63
-2.30
-2.06
-1.59
-1.21
-0.71
-0.08
0.63
1.50
2.43
-1.85
-1.91
-1.92
-1.72
-1.60
-1.42
-1.43
-1.35
-1.43
-1.34
-1.33
-1.27
-1.39
-1.20
-1.33
-1.20
-1.23
-1.16
-1.30
-1.09
-1.10
-1.17
-0.93
-1.02
-0.93
-0.79
-0.88
-0.62
-0.81
-0.54
-0.56
-0.43
-0.17
0.03
0.22
0.27
0.43
0.51
0.56
0.61
0.60
0.67
0.60
0.66
0.65
0.65
0.64
0.69
0.62
0.88
0.91
0.94
0.97
0.99
1.00
0.93
0.97
0.93
0.97
0.87
0.91
0.92
0.86
0.90
0.84
0.88
0.82
0.86
0.81
0.85
0.78
0.82
0.78
0.82
0.73
0.93
0.84
0.89
0.93
0.97
0.87
0.92
0.96
0.95
0.99
0.94
1.00
0.99
0.90
0.95
0.96
0.93
0.98
0.93
1.02
0.92
1.11
0.89
1.22
0.89
1.23
0.89
1.23
0.89
1.24
0.90
1.24
0.89
1.27
0.92
1.24
0.89
1.28
0.93
1.31
0.94
1.29
0.93
1.32
0.93
1.30
0.91
1.29
1.00
1.27
1.00
1.27
0.98
1.38
1.04
1.37
1.00
1.45
1.07
1.51
1.13
1.55
1.16
1.57
1.19
1.63
1.22
1.63
1.24
1.69
1.31
1.75
1.35
1.75
1.36
1.79
1.40
1.82
1.45
1.81
1.48
1.85
1.50
1.73
1.59
1.47
1.39
1.44
1.24
1.34
1.33
1.17
1.11
0.94
0.80
0.53
0.31
0.00
-0.36
-0.81
-1.36
-1.87
-2.60
-3.48
4.70
4.79
4.55
3.83
3.18
2.81
2.48
2.11
2.04
1.63
1.54
1.27
1.07
0.79
0.76
0.47
0.37
0.22
0.14
0.03
-0.06
-0.12
-0.20
-0.21
-0.30
-0.26
-0.32
-0.31
-0.27
-0.31
-0.22
-0.27
-0.17
-0.18
-0.11
-0.14
0.01
0.00
0.03
0.16
0.18
0.26
0.25
0.29
0.26
0.28
0.26
0.26
0.21
0.21
0.18
0.16
0.13
0.12
0.09
0.06
0.03
-0.01
-0.05
-0.10
-0.16
-0.21
-0.25
-0.30
-0.32
-0.38
-0.43
-0.44
-0.50
-0.52
-0.59
-0.56
-0.63
-0.68
-0.65
-0.72
-0.76
-0.73
-0.81
-0.80
-0.90
-0.83
-1.12
-1.06
-1.15
-1.07
-1.36
-1.28
-1.38
-1.40
-1.46
-1.40
-1.80
-1.55
-1.91
-1.83
-1.69
-1.98
-1.82
-2.00
-1.77
-2.34
-1.78
-2.46
-1.87
-2.59
-1.96
-2.65
-1.99
-2.76
-2.09
-2.78
-2.07
-2.88
-2.15
-2.86
-2.14
-2.97
-2.20
-3.01
-2.23
-3.02
-2.22
-3.13
-2.27
-3.16
-2.30
-3.24
-2.34
-3.17
-2.47
-3.08
-2.45
-3.20
-2.49
-3.38
-2.58
-3.44
-2.89
-3.69
-2.82
-3.74
-2.86
-3.85
-2.96
-3.93
-3.04
-4.05
-3.21
-4.14
-3.42
-4.30
-3.46
-4.37
-3.75
-4.47
-3.70
-4.36
-4.04
-4.08
-3.68
-3.90
-3.58
-3.66
-3.41
-3.52
-3.48
-3.30
-3.30
-2.86
-2.79
-2.64
-2.30
-1.98
-1.40
-0.95
-0.37
0.35
1.23
-3.22
-3.35
-3.35
-3.10
-2.95
-2.57
-2.47
-2.27
-2.55
-2.07
-2.32
-2.05
-2.24
-2.14
-2.17
-1.89
-2.23
-1.94
-2.08
-1.89
-2.04
-1.91
-1.98
-1.64
-1.80
-1.69
-1.48
-1.60
-1.28
-1.43
-1.30
-0.96
-1.13
-0.95
-0.61
-0.37
0.05
0.21
0.49
0.58
0.77
0.73
0.86
0.92
0.87
0.96
0.89
0.96
0.88
0.94
0.85
0.94
0.82
1.05
0.91
0.98
0.91
0.97
1.00
1.02
1.05
1.04
1.05
1.04
0.95
0.98
0.84
0.87
0.89
0.85
0.88
0.91
0.88
0.82
0.84
0.85
0.81
0.83
0.77
0.80
0.71
0.74
0.77
0.70
0.73
0.75
0.71
0.74
0.70
0.73
0.71
0.74
0.67
0.70
0.62
0.65
0.66
0.69
0.72
0.63
0.67
0.65
0.66
0.63
0.66
0.70
0.65
0.69
0.63
0.68
0.66
0.70
0.72
0.66
0.70
0.70
0.73
0.77
0.73
0.78
0.68
0.73
0.75
0.72
0.78
0.80
0.76
0.81
0.79
0.84
0.87
0.81
0.89
0.83
0.95
0.81
1.11
0.84
1.13
0.85
1.18
0.85
1.21
0.87
1.22
0.87
1.26
0.91
1.26
0.90
1.28
0.92
1.32
0.95
1.34
0.98
1.40
1.02
1.39
1.02
1.45
1.06
1.48
1.08
1.48
1.09
1.53
1.12
1.55
1.13
1.59
1.16
1.60
1.17
1.65
1.27
1.74
1.31
1.63
1.29
1.54
1.25
1.48
1.15
1.60
1.40
1.73
1.37
1.73
1.47
1.54
1.22
1.57
1.39
1.57
1.41
1.32
1.16
1.23
1.20
1.05
1.04
1.02
0.82
0.75
0.62
0.40
0.21
-0.05
-0.38
-0.80
-1.23
-1.81
-2.51
-3.15
5.34
5.46
5.21
4.43
3.83
3.21
2.83
2.73
2.20
2.17
1.70
1.60
1.31
1.10
0.79
0.75
0.44
0.35
0.18
0.08
-0.03
-0.13
-0.18
-0.27
-0.30
-0.32
-0.38
-0.40
-0.31
-0.43
-0.32
-0.35
-0.26
-0.31
-0.22
-0.05
0.04
0.18
0.20
0.28
0.31
0.34
0.30
0.33
0.32
0.30
0.29
0.23
0.23
0.22
0.20
0.18
0.15
0.12
0.08
0.04
0.00
-0.03
-0.07
-0.10
-0.14
-0.16
-0.20
-0.23
-0.26
-0.31
-0.36
-0.36
-0.42
-0.45
-0.49
-0.55
-0.61
-0.58
-0.64
-0.70
-0.66
-0.73
-0.79
-0.85
-0.93
-0.87
-0.95
-1.01
-0.95
-1.04
-1.12
-1.14
-1.24
-1.28
-1.27
-1.37
-1.27
-1.46
-1.48
-1.51
-1.58
-1.69
-1.53
-1.84
-1.63
-1.95
-1.63
-2.23
-1.67
-2.33
-1.72
-2.41
-1.78
-2.48
-1.83
-2.58
-1.91
-2.65
-1.98
-2.72
-2.00
-2.81
-2.07
-2.86
-2.11
-2.92
-2.14
-2.96
-2.15
-2.98
-2.15
-3.07
-2.20
-3.09
-2.21
-3.18
-2.27
-3.06
-2.40
-3.01
-2.39
-3.00
-2.32
-3.23
-2.46
-3.35
-2.50
-3.53
-2.63
-3.66
-2.76
-3.72
-2.85
-3.86
-3.00
-3.95
-3.09
-4.07
-3.22
-4.12
-3.47
-4.12
-3.34
-4.23
-3.60
-3.94
-3.45
-3.92
-3.49
-3.67
-3.40
-3.45
-3.25
-3.46
-3.60
-3.40
-3.44
-3.07
-3.05
-2.94
-2.50
-2.28
-1.97
-1.47
-0.96
-0.30
0.44
1.33
-2.98
-3.06
-3.07
-3.07
-2.62
-2.51
-2.24
-2.14
-2.26
-2.01
-2.21
-1.77
-2.07
-1.81
-1.84
-1.74
-1.90
-1.63
-1.71
-1.67
-1.45
-1.71
-1.32
-1.48
-1.29
-1.20
-1.13
-1.27
-0.96
-0.93
-0.99
-0.66
-0.69
-0.64
-0.36
-0.40
-0.03
0.11
0.36
0.40
0.57
0.65
0.68
0.78
0.71
0.78
0.74
0.80
0.70
0.79
0.75
0.79
0.69
0.96
0.85
0.87
0.90
0.93
0.96
0.99
1.02
0.92
0.95
0.98
0.88
0.91
0.89
0.88
0.85
0.88
0.79
0.83
0.86
0.88
0.90
0.94
0.84
0.88
0.92
0.82
0.86
0.86
0.86
0.90
0.94
0.82
0.86
0.90
0.79
0.84
0.88
0.90
0.93
0.86
0.90
0.80
0.85
0.90
0.80
0.91
0.94
0.86
0.91
0.93
0.95
0.95
0.95
0.90
0.96
0.89
1.07
0.88
1.18
0.89
1.22
0.90
1.26
0.91
1.27
0.92
1.30
0.95
1.32
0.96
1.36
0.99
1.34
0.97
1.40
1.02
1.45
1.06
1.43
1.06
1.49
1.09
1.52
1.11
1.51
1.10
1.56
1.13
1.58
1.15
1.60
1.16
1.64
1.22
1.67
1.24
1.70
1.31
1.78
1.35
1.75
1.35
1.75
1.38
1.69
1.37
1.59
1.30
1.55
1.21
1.56
1.32
1.68
1.37
1.71
1.50
1.47
1.39
1.34
1.26
1.21
1.12
1.10
0.97
0.97
0.84
0.76
0.56
0.43
0.24
0.00
-0.27
-0.62
-0.98
-1.48
-2.01
-2.71
-3.30
4.83
4.86
4.55
4.02
3.32
2.87
2.33
2.15
1.66
1.56
1.09
0.96
0.60
0.45
0.21
0.03
-0.14
-0.28
-0.41
-0.60
-0.63
-0.72
-0.88
-0.81
-0.92
-0.97
-0.81
-0.99
-0.86
-0.85
-0.77
-0.78
-0.65
-0.62
-0.68
-0.36
-0.34
-0.05
0.11
0.34
0.41
0.56
0.56
0.65
0.72
0.78
0.81
0.83
0.80
0.75
0.74
0.64
0.64
0.53
0.52
0.51
0.42
0.41
0.37
0.34
0.30
0.26
0.24
0.18
0.17
0.14
0.10
0.08
0.05
0.02
-0.01
-0.04
-0.07
-0.11
-0.15
-0.18
-0.23
-0.23
-0.28
-0.33
-0.33
-0.38
-0.43
-0.46
-0.52
-0.58
-0.53
-0.60
-0.66
-0.63
-0.70
-0.77
-0.78
-0.86
-0.93
-0.83
-0.91
-0.99
-0.91
-1.00
-1.08
-1.06
-1.15
-1.24
-1.20
-1.30
-1.21
-1.31
-1.33
-1.44
-1.37
-1.48
-1.49
-1.51
-1.59
-1.62
-1.73
-1.53
-1.96
-1.60
-2.11
-1.66
-2.26
-1.69
-2.38
-1.73
-2.47
-1.80
-2.52
-1.82
-2.62
-1.91
-2.67
-1.93
-2.78
-2.03
-2.74
-1.99
-2.87
-2.08
-2.99
-2.18
-2.99
-2.21
-3.15
-2.30
-3.26
-2.39
-3.28
-2.41
-3.40
-2.48
-3.45
-2.52
-3.54
-2.64
-3.62
-2.68
-3.72
-2.88
-3.61
-2.86
-3.76
-2.90
-3.68
-2.91
-3.79
-2.95
-3.96
-3.14
-3.79
-3.05
-3.79
-3.34
-3.71
-3.11
-4.02
-3.60
-3.71
-3.48
-3.84
-3.63
-3.66
-3.51
-3.36
-3.52
-3.27
-3.40
-3.47
-3.05
-3.05
-2.97
-2.59
-2.40
-2.08
-1.56
-1.11
-0.53
0.19
1.03
-3.83
-3.83
-3.88
-3.86
-3.18
-3.03
-2.83
-2.53
-2.53
-2.48
-2.32
-2.46
-2.35
-2.21
-2.10
-2.26
-1.99
-2.08
-2.01
-1.84
-2.02
-1.85
-1.87
-1.73
-1.92
-1.62
-1.59
-1.67
-1.37
-1.41
-1.36
-1.00
-1.22
-0.91
-0.45
-0.22
0.12
0.29
0.52
0.54
0.70
0.71
0.83
0.75
0.83
0.86
0.79
0.85
0.82
0.87
0.76
0.95
0.83
0.93
0.81
1.01
1.04
1.07
1.09
1.12
1.15
1.01
1.04
1.08
0.95
0.99
0.98
0.94
0.97
0.86
0.90
0.90
0.93
0.96
0.98
0.84
0.88
0.91
0.80
0.83
0.87
0.91
0.87
0.91
0.86
0.90
0.84
0.88
0.80
0.84
0.79
0.84
0.88
0.84
0.88
0.79
0.84
0.80
0.85
0.88
0.89
0.88
0.83
0.88
0.79
0.84
0.85
0.90
0.85
0.90
0.83
0.88
0.85
0.91
0.88
0.94
0.94
0.86
1.01
0.85
1.13
0.86
1.17
0.86
1.21
0.86
1.24
0.88
1.24
0.88
1.27
0.91
1.28
0.91
1.30
0.94
1.31
0.95
1.36
0.98
1.36
0.99
1.41
1.02
1.41
1.03
1.45
1.05
1.44
1.04
1.49
1.07
1.52
1.09
1.52
1.09
1.56
1.15
1.63
1.21
1.65
1.24
1.72
1.33
1.72
1.41
1.64
1.38
1.62
1.36
1.58
1.27
1.60
1.28
1.68
1.36
1.68
1.37
1.70
1.44
1.48
1.32
1.53
1.33
1.35
1.24
1.18
1.17
0.99
0.94
0.85
0.62
0.46
0.23
-0.06
-0.41
-0.80
-1.31
-1.86
-2.59
-3.26
5.32
5.37
5.07
4.28
3.66
3.03
2.64
2.39
1.91
1.91
1.35
1.27
0.93
0.81
0.59
0.42
0.23
0.12
-0.02
-0.13
-0.22
-0.32
-0.38
-0.49
-0.45
-0.52
-0.56
-0.46
-0.61
-0.46
-0.50
-0.44
-0.49
-0.28
-0.29
-0.27
-0.09
-0.14
0.05
0.16
0.28
0.32
0.42
0.39
0.45
0.45
0.46
0.40
0.41
0.40
0.35
0.36
0.35
0.34
0.32
0.30
0.27
0.24
0.20
0.13
0.10
0.05
0.01
-0.03
-0.07
-0.12
-0.14
-0.19
-0.22
-0.26
-0.29
-0.34
-0.33
-0.38
-0.41
-0.44
-0.44
-0.56
-0.63
-0.70
-0.71
-0.79
-0.75
-0.83
-0.90
-0.87
-0.95
-1.04
-0.97
-1.06
-1.15
-1.15
-1.25
-1.34
-1.24
-1.35
-1.45
-1.35
-1.54
-1.58
-1.51
-1.63
-1.57
-1.80
-1.58
-2.07
-1.62
-2.23
-1.65
-2.32
-1.72
-2.39
-1.76
-2.50
-1.85
-2.55
-1.87
-2.67
-1.98
-2.69
-1.97
-2.81
-2.07
-2.78
-2.04
-2.91
-2.11
-2.98
-2.15
-3.00
-2.16
-3.02
-2.34
-2.91
-2.30
-3.05
-2.35
-3.36
-2.64
-3.24
-2.51
-3.48
-2.57
-3.57
-2.69
-3.66
-2.77
-3.75
-2.84
-3.85
-2.95
-3.94
-3.03
-4.03
-3.18
-4.13
-3.34
-4.26
-3.42
-4.35
-3.71
-4.08
-3.70
-4.08
-3.47
-3.91
-3.15
-3.83
-3.84
-3.66
-3.67
-3.59
-3.75
-3.44
-3.53
-3.57
-3.12
-3.08
-2.97
-2.58
-2.30
-1.87
-1.38
-0.72
-0.06
0.75
1.74
-3.55
-3.55
-3.55
-3.57
-2.98
-2.86
-2.59
-2.48
-2.54
-2.26
-2.50
-2.05
-2.39
-2.07
-2.11
-2.00
-2.18
-1.89
-1.98
-1.97
-1.71
-2.04
-1.66
-1.73
-1.52
-1.63
-1.57
-1.23
-1.45
-1.22
-1.12
-1.04
-0.89
-0.58
-0.16
0.02
0.31
0.45
0.65
0.63
0.77
0.74
0.84
0.82
0.89
0.79
0.85
0.84
0.85
0.77
0.82
0.74
0.88
0.76
0.93
0.81
0.93
0.82
0.94
0.83
0.96
0.85
0.94
0.96
0.99
1.01
1.01
1.00
0.90
